[0.7,1,[1.5565447859775214],[0.0010481455259455385],1.690963712047436E-9,2.2518778384409067E-16,0,36.64]
[0.705,1,[1.562436929467657],[0.0010232909973860432],1.6309361658865982E-9,9.351824622453905E-16,0,36.64]
[0.71,1,[1.5683253968183621],[0.0009979458340893985],1.5692390647423462E-9,5.083227465792067E-16,0,36.64]
[0.715,1,[1.5742109202449934],[0.0009721368309278422],1.5061704351917663E-9,7.02232941283644E-17,0,36.64]
[0.72,1,[1.5800942545457632],[0.0009458918496347057],1.4414782865286016E-9,1.1858065698257521E-16,0,36.64]
[0.725,1,[1.5859761789606555],[0.000919239839955659],1.3770532437591875E-9,4.565878893167744E-16,0,36.64]
[0.73,1,[1.5918574991794696],[0.0008922108614676036],1.3120162134834644E-9,1.2176236730480048E-16,0,36.64]
[0.735,1,[1.5977390495150003],[0.0008648361060085904],1.246778284061848E-9,2.4681023026014677E-16,0,36.64]
[0.74,1,[1.6036216952593658],[0.0008371479206454168],1.1818386272750692E-9,4.0027048256149926E-16,0,36.64]
[0.745,1,[1.609506335243724],[0.0008091798310863943],1.1175067086239458E-9,8.876159415038996E-16,0,36.64]
[0.75,1,[1.6153939046242538],[0.0007809665648693627],7.011087257950256E-10,3.856804810876791E-17,0,40.86]
[0.755,1,[1.6212853779202328],[0.0007525440775332758],6.597941241394573E-10,1.1732407918660634E-16,0,40.86]
[0.76,1,[1.627181772333506],[0.0007239495731271804],6.19405741217059E-10,1.7186533940200305E-16,0,40.86]
[0.765,1,[1.6330841513826342],[0.0006952215302431416],5.800691232432386E-10,1.743227349089345E-16,0,40.86]
[0.77,1,[1.6389936288896079],[0.0006663997246648736],5.419167247903644E-10,2.7206670881807224E-16,0,40.86]
[0.775,1,[1.6449113733624035],[0.0006375252517993299],5.050159973473646E-10,3.450586644978632E-16,0,40.86]
[0.78,1,[1.650838612822923],[0.0006086405479101701],4.694490360528708E-10,1.2606072211899474E-16,0,40.86]
[0.785,1,[1.6567766401371722],[0.000579789409676961],4.352653964936753E-10,1.2795147082928477E-16,0,40.86]
[0.79,1,[1.6627268189131323],[0.0005510170115061229],4.025046073883816E-10,8.65974805175394E-17,0,40.86]
[0.795,1,[1.6686905900418916],[0.000522369919900792],3.711869634405123E-10,2.637961249220522E-16,0,40.86]
[0.8,1,[1.674669478969548],[0.0004938961036719694],1.8466363387399726E-10,3.423431099244443E-16,0,47.0]
[0.805,1,[1.6806651038015412],[0.0004656449413180007],1.693958384704467E-10,6.19950601666638E-16,0,47.0]
[0.81,1,[1.6866791843578952],[0.0004376672184480701],1.5489762458171606E-10,1.2291656786931944E-16,0,47.0]
[0.815,1,[1.6927135523179724],[0.00041001512179458474],1.411586861307272E-10,1.8739725416754095E-16,0,47.0]
[0.82,1,[1.698770162617393],[0.0003827422219711712],1.2816702956245518E-10,1.5876873236949797E-17,0,47.0]
[0.825,1,[1.7048511062888152],[0.0003559034453345686],1.1589462284626656E-10,1.2917163510729037E-16,0,47.0]
[0.83,1,[1.7109586249732902],[0.00032955503198506074],1.0433374943674859E-10,0.0,0,47.0]
[0.835,1,[1.7170951273715418],[0.0003037544768319907],9.346769633620887E-11,2.173035618427091E-16,0,47.0]
[0.84,1,[1.723263207956482],[0.00027856045001340253],8.327532897865466E-11,1.1060891574269788E-16,0,47.0]
[0.845,1,[1.7294656683320824],[0.00025403269218511674],7.372970999554106E-11,4.332492130586356E-17,0,47.0]
[0.85,1,[1.735705541702392],[0.00023023187905017156],2.2814360662168268E-11,7.94531349788522E-17,0,57.1]
[0.855,1,[1.7419861210121186],[0.00020721944980888702],1.9936159506410712E-11,8.998338265970799E-17,0,57.1]
[0.86,1,[1.7483109914419994],[0.00018505738836956223],1.7261011971380762E-11,8.258598328371134E-16,0,57.1]
[0.865,1,[1.754684068095171],[0.00016380795202578763],1.477796665226539E-11,1.2171182072568565E-16,0,57.1]
[0.87,1,[1.761109639904186],[0.00014353333252797973],1.2481338031146021E-11,7.64622749454389E-17,0,57.1]
[0.875,1,[1.767592421034626],[0.00012429523669116777],1.0365987664754161E-11,6.05312106521546E-16,0,57.1]
[0.88,1,[1.7741376113772518],[0.00010615436903325671],8.426792724961369E-12,1.297319655723138E-16,0,57.1]
[0.885,2,[0.06263571577185349,1.7807509681293532],[0.06722653585390105,0.00008916979549800034],6.6555017417572186E-12,4.083109615665601E-17,0,57.1]
[0.89,2,[0.06143845203011693,1.7874388909991221],[0.06866278800275367,0.0000733981629095818],5.051727867888651E-12,2.2989100342855825E-16,0,57.1]
[0.895,2,[0.06017385381966429,1.7942085242687702],[0.07013499539309984,0.00005889274357081359],3.6080898231005026E-12,3.1048455357023737E-16,0,57.1]
[0.9,2,[0.05883748333736455,1.801067879885354],[0.07164489587802601,0.000045702268247103645],2.4836972312497706E-13,0.0,0,78.88]
[0.905,2,[0.057424429846682785,1.8080259870021869],[0.07319437269565474,0.00003386950418250951],1.4560192246653206E-13,7.890590569653183E-16,0,78.88]
[0.91,2,[0.05592923861351523,1.8150930750978398],[0.0747854704890923,0.00002342952600877822],5.507061742706105E-14,1.332394966943409E-16,0,78.88]
[0.915,2,[0.054345825748370616,1.8222808001444037],[0.07642041383637183,0.000014407621789465534],2.145530515900372E-14,1.4905282185172356E-16,0,78.88]
[0.92,2,[0.052667375421623405,1.8296025265659104],[0.07810162785846379,0.0000068167678085284365],8.649875996041566E-14,3.3184339877178633E-16,0,78.88]
[0.925,2,[0.05088621483115809,1.8370736823528673],[0.07983176132137638,6.54604259483481E-7],1.3723441830519639E-13,5.900557931720947E-16,0,78.88]
[0.93,2,[0.04899366081198082,1.844712211346606],[0.08161371223063955,-0.000004100150852835597],1.7631563157185053E-13,1.1813829296511115E-16,0,78.88]
[0.935,2,[0.04697982990938961,1.852539156429599],[0.08345065571992268,-0.000007491889335058133],2.030680690666566E-13,9.526244213525411E-17,0,78.88]
[0.94,2,[0.044833400825103835,1.860579421852327],[0.0853460735695097,-0.000009592885478970899],2.180749135812827E-13,2.1218764062317496E-17,0,78.88]
[0.945,2,[0.04254131398051716,1.8688627849990325],[0.08730378380959121,-0.000010508518850811135],2.2205412282218375E-13,3.539816239237933E-16,0,78.88]
[0.95,2,[0.04008838688259365,1.8774252623087757],[0.08932796717688268,-0.00001038258034808567],1.1003513869429393E-15,1.234815447588575E-16,0,130.82]
[0.955,2,[0.037456815002515124,1.8863109891670615],[0.09142318433455099,-0.00000940186099996122],1.466817669657512E-15,1.2169452956110278E-17,0,130.82]
[0.96,2,[0.034625514315283434,1.8955748644793065],[0.09359437106055203,-0.000007798441513725652],6.684926774209652E-16,9.005414753644594E-17,0,130.82]
[0.965,2,[0.03156924071646987,1.905286365787624],[0.09584678834259665,-0.000005846756993721997],1.1975093898394671E-15,2.9222442337651285E-16,0,130.82]
[0.97,2,[0.028257388491266754,1.9155352162089423],[0.09818587969550054,-0.000003850376434717062],1.451229315970351E-15,2.4540364272047295E-16,0,130.82]
[0.975,2,[0.024652316647860727,1.9264400962121677],[0.10061694017993668,-0.0000021106384601242186],6.634757455306051E-16,8.018078742927573E-16,0,130.82]
[0.98,2,[0.020706963884102005,1.9381625967177887],[0.10314439450237077,-8.67785156801272E-7],9.07953416536494E-16,2.9079883188949525E-16,0,130.82]
