[0.7,1,[1.556544785843492],[0.001048145745146927],5.285477534925868E-11,1.3511267030367753E-16,0,36.64]
[0.705,1,[1.56243692933267],[0.0010232912203424049],5.097860774450541E-11,3.877585818988082E-16,0,36.64]
[0.71,1,[1.5683253966824753],[0.000997946060654893],4.9050739242848254E-11,1.8484463511606034E-16,0,36.64]
[0.715,1,[1.5742109201082692],[0.0009721370609450098],4.7078591323406496E-11,2.574854117990241E-16,0,36.64]
[0.72,1,[1.5800942544082643],[0.0009458920829341635],4.505634130400425E-11,2.1344518256459933E-16,0,36.64]
[0.725,1,[1.5859761788224482],[0.0009192400763559062],4.3043976711058434E-11,2.6434035696798763E-16,0,36.64]
[0.73,1,[1.5918574990406236],[0.0008922111007749216],4.10103337348489E-11,5.844593630525087E-16,0,36.64]
[0.735,1,[1.5977390493755865],[0.0008648363480167731],3.897246625891679E-11,4.442584144604599E-16,0,36.64]
[0.74,1,[1.6036216951194597],[0.0008371481651356432],3.69416642800251E-11,7.505071547899803E-17,0,36.64]
[0.745,1,[1.6095063351034036],[0.0008091800778271314],3.4930086866284303E-11,1.268022773555931E-16,0,36.64]
[0.75,1,[1.6153939044836003],[0.0007809668141346739],2.1916106243954334E-11,8.999211225234011E-17,0,40.86]
[0.755,1,[1.6212853777793295],[0.0007525443285157653],2.062381488179034E-11,2.867921935627764E-16,0,40.86]
[0.76,1,[1.6271817721924404],[0.0007239498255574632],1.9361196750518984E-11,2.7762862518365223E-16,0,40.86]
[0.765,1,[1.633084151241497],[0.0006952217838387823],1.813147965667413E-11,1.20684970319807E-16,0,40.86]
[0.77,1,[1.6389936287484934],[0.0006663999791303934],1.694095884465691E-11,4.081000632213614E-17,0,40.86]
[0.775,1,[1.6449113732214078],[0.0006375255068263026],1.578579671627271E-11,1.6562815895673057E-16,0,40.86]
[0.78,1,[1.6508386126821484],[0.0006086408031771634],1.467318671556987E-11,1.9609445662699802E-16,0,40.86]
[0.785,1,[1.656776639996723],[0.0005797896648497505],1.3605496007684647E-11,5.686732036786315E-17,0,40.86]
[0.79,1,[1.6627268187731157],[0.0005510172662378158],1.2581092536165765E-11,3.319570086466221E-16,0,40.86]
[0.795,1,[1.668690589902419],[0.0005223701738319958],1.1601795842955357E-11,8.793204163968906E-17,0,40.86]
[0.8,1,[1.6746694788307368],[0.0004938963567901469],5.778308892169456E-12,1.041913812802335E-16,0,46.99]
[0.805,1,[1.6806651036635096],[0.00046564519284947043],5.300445644897215E-12,1.5120746381959593E-16,0,46.99]
[0.81,1,[1.6866791842207687],[0.0004376674679995227],4.846308697033124E-12,1.3828113885166237E-16,0,46.99]
[0.815,1,[1.6927135521818772],[0.00041001536896182394],4.416282734991013E-12,4.841095732618081E-16,0,46.99]
[0.82,1,[1.698770162482462],[0.0003827424663396088],4.010329203386649E-12,3.4929121120997545E-16,0,46.99]
[0.825,1,[1.704851106155184],[0.0003559036864799921],3.626938532873896E-12,4.84393631648587E-17,0,46.99]
[0.83,1,[1.7109586248411004],[0.000329555269474431],3.2633525646891005E-12,1.0676780485508737E-15,0,46.99]
[0.835,1,[1.7170951272409376],[0.000303754710224394],2.9252801298696138E-12,4.51322782285765E-16,0,46.99]
[0.84,1,[1.7232632078276138],[0.0002785606788611611],2.6047870252392008E-12,6.040948475142565E-16,0,46.99]
[0.845,1,[1.7294656682051042],[0.0002540329160350846],2.3061989623601033E-12,6.412088353234099E-16,0,46.99]
[0.85,1,[1.735705541577462],[0.00023023209763606042],7.125919112967586E-13,6.356250798278759E-16,0,57.09]
[0.855,1,[1.741986120889401],[0.00020721966245401102],6.243228597091204E-13,9.898172092528258E-17,0,57.09]
[0.86,1,[1.7483109913216628],[0.0001850575946163982],5.398552803566902E-13,3.3952015349855696E-16,0,57.09]
[0.865,1,[1.754684067977388],[0.00016380815141873615],4.626679184375465E-13,1.966114027101832E-16,0,57.09]
[0.87,1,[1.7611096397891344],[0.00014353352461584154],3.886408685353811E-13,1.338089811542341E-16,0,57.09]
[0.875,1,[1.7675924209224885],[0.0001242954210301268],3.25419455205452E-13,1.26920280399488E-16,0,57.09]
[0.88,1,[1.7741376112682155],[0.00010615454519024077],2.6262098916955735E-13,8.682062311370166E-16,0,57.09]
[0.885,2,[0.06263571585049751,1.7807509680236098],[0.06722653593102829,0.00008916996305468831],2.0822037473190749E-13,6.124664423496619E-16,0,57.09]
[0.89,2,[0.06143845210557215,1.7874388908968664],[0.06866278807602251,0.00007339832146678108],1.5694645832251052E-13,1.7764304810393912E-16,0,57.09]
[0.895,2,[0.06017385389179292,1.7942085241702015],[0.07013499546248614,0.00005889289275362113],1.1315262633832141E-13,3.4260364531918325E-16,0,57.09]
[0.9,2,[0.058837483406028734,1.8010678797906765],[0.07164489598177241,0.00004570240775900368],8.95331918305617E-15,5.489942778877814E-17,0,78.89]
[0.905,2,[0.05742442991174551,1.8080259869116069],[0.0731943727930136,0.00003386963365275841],3.969828717120397E-15,1.9726476424171986E-16,0,78.89]
[0.91,2,[0.05592923867484361,1.8150930750115644],[0.07478547058003168,0.000023429645177394398],1.4751931357724457E-15,1.1586043190841118E-17,0,78.89]
[0.915,2,[0.054345825805833754,1.8222808000626431],[0.07642041392087004,0.000014407730449898948],1.2820290994000098E-15,5.246659329196293E-16,0,78.89]
[0.92,2,[0.052667375475097644,1.829602526488873],[0.07810162793650971,0.000006816865817990385],1.5941287329488387E-15,5.100555944102356E-16,0,78.89]
[0.925,2,[0.0508862148805283,1.8370736822807612],[0.07983176139296941,6.546915505173847E-7],3.893074858330454E-15,4.568173882640221E-16,0,78.89]
[0.93,2,[0.048993660857142456,1.8447122112796337],[0.08161371229579369,-0.000004100074258862803],4.877571492298694E-15,8.269680507592603E-16,0,78.89]
[0.935,2,[0.04697982995025493,1.8525391563679565],[0.08345065577866796,-0.000007491823313051662],5.2133382487940896E-15,6.8044601525488955E-18,0,78.89]
[0.94,2,[0.04483340086160564,1.8605794217961986],[0.0853460736218929,-0.000009592829783340459],5.524607385830725E-15,4.526669666649335E-16,0,78.89]
[0.945,2,[0.04254131401261569,1.8688627849485826],[0.08730378385568237,-0.00001050847309721165],5.818543513735436E-15,5.899693732092435E-16,0,78.89]
[0.95,2,[0.04008838691028389,1.8774252622641476],[0.0893279672496114,-0.000010382544004563896],1.6074002945073613E-15,6.174077237974055E-17,0,130.82]
[0.955,2,[0.03745681502583769,1.8863109891283605],[0.09142318439589692,-0.000009401833336519841],9.927846098832124E-16,1.5008991979278478E-16,0,130.82]
[0.96,2,[0.03462551433433652,1.8955748644465882],[0.09359437111093727,-0.000007798421621634816],9.193735247507059E-16,1.0291902575644734E-16,0,130.82]
[0.965,2,[0.03156924073142472,1.9052863657608738],[0.09584678838256047,-0.000005846743767873242],1.9758904911980188E-15,4.566006615279555E-18,0,130.82]
[0.97,2,[0.028257388502386186,1.9155352161880468],[0.09818587972572627,-0.000003850368585741046],1.0494649588898593E-15,4.613588483164973E-16,0,130.82]
[0.975,2,[0.024652316655518522,1.9264400961968726],[0.10061694020129942,-0.000002110634560867215],1.103600644009038E-15,9.354425200118008E-16,0,130.82]
[0.98,2,[0.02070696388880298,1.938162596707647],[0.10314439451598083,-8.677837474492225E-7],1.5197091969393042E-15,4.1542690270058613E-17,0,130.82]
