Profile m = 0, 1, 2 (nur Schiessen). Start 2026-09-30T02:55:28+02:00, Ende 2026-09-30T02:55:43+02:00, CPU (nur Form- und Syntaxprobe), torch 2.10.0+cu128
Dauer [s]: schiessen_s 14.4
m omega2 | p | Klammer | S_max | R_kern_halb | R_max | R_halb | Q | E | E/Q | Virialrest | gueltig
  0 0.55 | 1.022994303265103 | 9.5e-13 | 1.04652 | 0.000 | 0.000 | 6.880 | 238.432 | 185.863 | 0.77952 | 1.5e-08 | ja
  1 0.55 | 0.238804586666220 | 1.5e-11 | 1.00414 | 2.544 | 6.020 | 9.212 | 370.210 | 297.311 | 0.80309 | 2.1e-11 | ja
  2 0.55 | 0.006855649006410 | 1.5e-11 | 0.99305 | 6.259 | 9.930 | 13.185 | 627.878 | 506.835 | 0.80722 | 3.2e-11 | ja
  0 0.60 | 1.030139156258566 | 9.7e-13 | 1.06119 | 0.000 | 0.000 | 3.358 | 66.616 | 56.527 | 0.84855 | 1.1e-07 | ja
  1 0.60 | 0.281471314133759 | 1.5e-11 | 0.86743 | 2.131 | 4.010 | 5.957 | 138.757 | 123.074 | 0.88698 | -4.1e-11 | ja
  1 0.65 | 0.274700342385940 | 1.5e-11 | 0.71051 | 2.012 | 3.590 | 5.279 | 93.861 | 87.714 | 0.93451 | -5.2e-11 | ja
  2 0.65 | 0.016317335646905 | 1.5e-11 | 0.70051 | 4.816 | 6.510 | 8.227 | 171.153 | 160.208 | 0.93605 | 1.4e-10 | ja
  0 0.70 | 0.921968444982758 | 1.0e-12 | 0.85003 | 0.000 | 0.000 | 1.916 | 23.996 | 22.626 | 0.94290 | 4.2e-07 | ja
  0 0.75 | 0.833968248787677 | 1.0e-12 | 0.69550 | 0.000 | 0.000 | 1.783 | 19.012 | 18.390 | 0.96731 | 4.5e-07 | ja
  1 0.75 | 0.212344314405535 | 1.5e-11 | 0.45530 | 2.109 | 3.650 | 5.307 | 66.234 | 64.772 | 0.97792 | -4.7e-11 | ja
  0 0.80 | 0.736248149041076 | 1.0e-12 | 0.54206 | 0.000 | 0.000 | 1.788 | 16.231 | 15.946 | 0.98241 | 3.8e-07 | ja
  1 0.80 | 0.172779166382248 | 1.5e-11 | 0.34880 | 2.275 | 3.900 | 5.669 | 60.083 | 59.363 | 0.98801 | -4.0e-11 | ja
  2 0.80 | 0.009843813067088 | 1.5e-11 | 0.34340 | 5.469 | 7.220 | 9.017 | 111.062 | 109.762 | 0.98829 | 1.1e-10 | ja
Erwartung (PLAN.md 1.2): Virialrest < 1e-5 fuer alle gueltigen Zeilen; m = 1, 2: Loch R_kern_halb > 0; m = 2 bei 0,55 ringfoermig (R_kern_halb etwa 4 bis 8).
