ROT-1 radial (g = 0, gefuellte Wirbel). Start 2026-09-30T06:24:34+00:00, Ende 2026-09-30T06:25:11+00:00, Quadro P4000, torch 2.5.1+cu121
Gitter: h = 0.05, R = 40.0, tau = 0.25; Dauer 36.4 s; letzter Stand 18000 Iterationen, Residuum max 4.91e-11

name | Q1 | Q2 | E | E/Q | omega1^2 | omega2^2 | Omega=omega1-omega2 | S_0 | S_max | R_S_max | R_halb | R_ring_f | R_kern_h | Virialrest | Residuum | S_rand
v1_Q94 | 93.861 | 0.000 | 87.7138 | 0.93451 | 0.64999 | 0.00000 | - | 0.0000 | 0.7105 | 3.575 | 5.325 | 3.575 | - | -7.5e-06 | 6.5e-13 | 8.6e-19
b_Q94 | 0.000 | 93.861 | 77.4602 | 0.82526 | 0.00000 | 0.58240 | - | 1.0646 | 1.0646 | 0.025 | 4.125 | - | 4.875 | -5.0e-06 | 7.8e-13 | 1.0e-20
fc_Q94_q10 | 84.475 | 9.386 | 86.9406 | 0.92627 | 0.65398 | 0.51521 | 0.09091 | 0.0716 | 0.7463 | 3.325 | 5.075 | 3.425 | 5.475 | -7.0e-06 | 8.4e-13 | 8.0e-19
v1_Q94_Q1_q10 | 84.475 | 0.000 | 80.0871 | 0.94806 | 0.67176 | 0.00000 | - | 0.0000 | 0.6488 | 3.525 | 5.225 | 3.525 | - | -7.7e-06 | 9.0e-13 | 2.3e-18
b_Q94_Q2_q10 | 0.000 | 9.386 | 9.3918 | 1.00061 | 0.00000 | 0.99791 | - | 0.0073 | 0.0073 | 0.025 | 11.175 | - | 16.625 | -6.2e-04 | 7.3e-13 | 4.8e-06
fc_Q94_q25 | 70.396 | 23.465 | 85.4163 | 0.91003 | 0.67045 | 0.48261 | 0.12410 | 0.4207 | 0.8003 | 2.825 | 4.775 | 3.275 | 4.275 | -5.7e-06 | 7.2e-13 | 1.3e-18
v1_Q94_Q1_q25 | 70.396 | 0.000 | 68.3447 | 0.97086 | 0.72537 | 0.00000 | - | 0.0000 | 0.5122 | 3.575 | 5.225 | 3.575 | - | -6.8e-06 | 8.4e-13 | 4.1e-17
b_Q94_Q2_q25 | 0.000 | 23.465 | 22.1810 | 0.94527 | 0.00000 | 0.70395 | - | 0.8380 | 0.8380 | 0.025 | 1.925 | - | 2.675 | -1.1e-05 | 5.6e-13 | 3.3e-19
fc_Q94_q40 | 56.317 | 37.544 | 83.6351 | 0.89105 | 0.68819 | 0.49648 | 0.12495 | 0.7219 | 0.8486 | 2.375 | 4.575 | 3.275 | 4.175 | -5.5e-06 | 7.6e-13 | 2.6e-18
v1_Q94_Q1_q40 | 56.317 | 0.000 | 55.9510 | 0.99351 | 0.84314 | 0.00000 | - | 0.0000 | 0.2646 | 4.275 | 6.225 | 4.275 | - | -2.9e-06 | 7.9e-13 | 1.9e-13
b_Q94_Q2_q40 | 0.000 | 37.544 | 33.6839 | 0.89718 | 0.00000 | 0.64248 | - | 1.0030 | 1.0030 | 0.025 | 2.425 | - | 3.175 | -8.9e-06 | 5.5e-13 | 2.0e-20
v1_Q110 | 110.174 | 0.000 | 100.7281 | 0.91426 | 0.62500 | 0.00000 | - | 0.0000 | 0.7866 | 3.725 | 5.525 | 3.725 | - | -7.0e-06 | 7.4e-13 | 3.6e-19
b_Q110 | 0.000 | 110.174 | 89.8706 | 0.81572 | 0.00000 | 0.57545 | - | 1.0629 | 1.0629 | 0.025 | 4.525 | - | 5.275 | -4.5e-06 | 7.7e-13 | 1.3e-20
fc_Q110_q10 | 99.157 | 11.017 | 99.8631 | 0.90641 | 0.63107 | 0.50108 | 0.08652 | 0.0810 | 0.8139 | 3.475 | 5.325 | 3.575 | 5.675 | -6.3e-06 | 8.4e-13 | 3.7e-19
v1_Q110_Q1_q10 | 99.157 | 0.000 | 91.9671 | 0.92749 | 0.64050 | 0.00000 | - | 0.0000 | 0.7388 | 3.625 | 5.375 | 3.625 | - | -7.4e-06 | 5.9e-13 | 5.9e-19
b_Q110_Q2_q10 | 0.000 | 11.017 | 11.0204 | 1.00027 | 0.00000 | 0.99477 | - | 0.0136 | 0.0136 | 0.025 | 8.525 | - | 12.825 | -2.8e-04 | 4.9e-11 | 2.6e-06
fc_Q110_q25 | 82.631 | 27.544 | 98.1685 | 0.89103 | 0.64836 | 0.47620 | 0.11514 | 0.4752 | 0.8517 | 3.025 | 5.075 | 3.475 | 4.425 | -5.2e-06 | 7.4e-13 | 6.3e-19
v1_Q110_Q1_q25 | 82.631 | 0.000 | 78.5725 | 0.95089 | 0.67703 | 0.00000 | - | 0.0000 | 0.6345 | 3.525 | 5.225 | 3.525 | - | -7.6e-06 | 7.6e-13 | 2.9e-18
b_Q110_Q2_q25 | 0.000 | 27.544 | 25.5694 | 0.92833 | 0.00000 | 0.67842 | - | 0.9131 | 0.9131 | 0.025 | 2.075 | - | 2.775 | -1.1e-05 | 5.3e-13 | 8.9e-20
fc_Q110_q40 | 66.104 | 44.070 | 96.2732 | 0.87383 | 0.66437 | 0.49482 | 0.11165 | 0.7520 | 0.8865 | 2.625 | 4.925 | 3.525 | 4.475 | -5.1e-06 | 7.6e-13 | 1.1e-18
v1_Q110_Q1_q40 | 66.104 | 0.000 | 64.6592 | 0.97814 | 0.75084 | 0.00000 | - | 0.0000 | 0.4534 | 3.625 | 5.325 | 3.625 | - | -6.0e-06 | 8.4e-13 | 2.0e-16
b_Q110_Q2_q40 | 0.000 | 44.070 | 38.8837 | 0.88232 | 0.00000 | 0.62831 | - | 1.0297 | 1.0297 | 0.025 | 2.675 | - | 3.425 | -8.1e-06 | 7.5e-13 | 1.3e-20
v1_Q139 | 138.757 | 0.000 | 123.0734 | 0.88697 | 0.60000 | 0.00000 | - | 0.0000 | 0.8674 | 4.025 | 5.975 | 4.025 | - | -5.8e-06 | 6.1e-13 | 2.2e-19
b_Q139 | 0.000 | 138.757 | 111.4645 | 0.80331 | 0.00000 | 0.56660 | - | 1.0587 | 1.0587 | 0.025 | 5.125 | - | 5.875 | -4.0e-06 | 6.9e-13 | 2.0e-20
fc_Q139_q10 | 124.881 | 13.876 | 122.0950 | 0.87992 | 0.60695 | 0.49135 | 0.07811 | 0.0947 | 0.8855 | 3.775 | 5.825 | 3.925 | 6.025 | -5.2e-06 | 7.8e-13 | 2.4e-19
v1_Q139_Q1_q10 | 124.881 | 0.000 | 112.2820 | 0.89911 | 0.61018 | 0.00000 | - | 0.0001 | 0.8341 | 3.875 | 5.775 | 3.875 | - | -6.4e-06 | 8.1e-13 | 2.5e-19
b_Q139_Q2_q10 | 0.000 | 13.876 | 13.7962 | 0.99427 | 0.00000 | 0.87248 | - | 0.3319 | 0.3319 | 0.025 | 2.025 | - | 3.025 | -4.3e-06 | 7.8e-13 | 7.7e-14
fc_Q139_q25 | 104.068 | 34.689 | 120.1678 | 0.86603 | 0.62285 | 0.47395 | 0.10077 | 0.5533 | 0.9059 | 3.325 | 5.575 | 3.875 | 4.675 | -4.4e-06 | 7.0e-13 | 3.7e-19
v1_Q139_Q1_q25 | 104.068 | 0.000 | 95.8858 | 0.92138 | 0.63298 | 0.00000 | - | 0.0000 | 0.7617 | 3.675 | 5.425 | 3.675 | - | -7.2e-06 | 6.6e-13 | 4.6e-19
b_Q139_Q2_q25 | 0.000 | 34.689 | 31.3885 | 0.90485 | 0.00000 | 0.65042 | - | 0.9855 | 0.9855 | 0.025 | 2.325 | - | 3.075 | -9.4e-06 | 5.8e-13 | 2.6e-20
fc_Q139_q40 | 83.254 | 55.503 | 118.1344 | 0.85138 | 0.63605 | 0.49557 | 0.09356 | 0.7914 | 0.9279 | 3.025 | 5.475 | 3.975 | 4.975 | -4.4e-06 | 8.7e-13 | 5.6e-19
v1_Q139_Q1_q40 | 83.254 | 0.000 | 79.0853 | 0.94993 | 0.67520 | 0.00000 | - | 0.0000 | 0.6394 | 3.525 | 5.225 | 3.525 | - | -7.6e-06 | 6.9e-13 | 2.7e-18
b_Q139_Q2_q40 | 0.000 | 55.503 | 47.8803 | 0.86267 | 0.00000 | 0.61132 | - | 1.0524 | 1.0524 | 0.025 | 3.025 | - | 3.775 | -6.9e-06 | 6.8e-13 | 9.1e-21
v1_Q199 | 199.350 | 0.000 | 169.4459 | 0.84999 | 0.57500 | 0.00000 | - | 0.0000 | 0.9471 | 4.575 | 6.925 | 4.575 | - | -4.3e-06 | 6.0e-13 | 3.0e-19
b_Q199 | 0.000 | 199.350 | 156.8164 | 0.78664 | 0.00000 | 0.55493 | - | 1.0505 | 1.0505 | 0.025 | 6.275 | - | 7.025 | -3.2e-06 | 8.5e-13 | 6.2e-20
fc_Q199_q10 | 179.415 | 19.935 | 168.3021 | 0.84425 | 0.58131 | 0.48601 | 0.06530 | 0.1263 | 0.9552 | 4.325 | 6.775 | 4.575 | 6.675 | -3.8e-06 | 7.7e-13 | 3.1e-19
v1_Q199_Q1_q10 | 179.415 | 0.000 | 154.2912 | 0.85997 | 0.58107 | 0.00000 | - | 0.0000 | 0.9287 | 4.425 | 6.625 | 4.425 | - | -4.7e-06 | 7.0e-13 | 2.5e-19
b_Q199_Q2_q10 | 0.000 | 19.935 | 19.1863 | 0.96244 | 0.00000 | 0.73797 | - | 0.7329 | 0.7329 | 0.025 | 1.825 | - | 2.575 | -1.1e-05 | 8.1e-13 | 2.4e-18
fc_Q199_q25 | 149.512 | 49.837 | 165.9970 | 0.83269 | 0.59295 | 0.47830 | 0.07844 | 0.6705 | 0.9590 | 4.025 | 6.625 | 4.725 | 5.125 | -3.5e-06 | 7.5e-13 | 3.9e-19
v1_Q199_Q1_q25 | 149.512 | 0.000 | 131.3822 | 0.87874 | 0.59376 | 0.00000 | - | 0.0000 | 0.8879 | 4.125 | 6.175 | 4.125 | - | -5.5e-06 | 6.2e-13 | 2.2e-19
b_Q199_Q2_q25 | 0.000 | 49.837 | 43.4377 | 0.87159 | 0.00000 | 0.61882 | - | 1.0437 | 1.0437 | 0.025 | 2.875 | - | 3.625 | -7.4e-06 | 7.8e-13 | 1.0e-20
fc_Q199_q40 | 119.610 | 79.740 | 163.7937 | 0.82164 | 0.60232 | 0.49969 | 0.06920 | 0.8461 | 0.9702 | 3.775 | 6.525 | 4.825 | 5.875 | -3.5e-06 | 6.8e-13 | 4.8e-19
v1_Q199_Q1_q40 | 119.610 | 0.000 | 108.1565 | 0.90424 | 0.61491 | 0.00000 | - | 0.0001 | 0.8188 | 3.825 | 5.675 | 3.825 | - | -6.6e-06 | 6.4e-13 | 2.8e-19
b_Q199_Q2_q40 | 0.000 | 79.740 | 66.6491 | 0.83583 | 0.00000 | 0.59025 | - | 1.0646 | 1.0646 | 0.025 | 3.775 | - | 4.525 | -5.5e-06 | 7.9e-13 | 8.7e-21
dq_+Q1 | 83.131 | 27.544 | 98.5710 | 0.89064 | 0.64766 | 0.47607 | 0.11480 | 0.4735 | 0.8527 | 3.025 | 5.075 | 3.475 | 4.475 | -5.2e-06 | 7.9e-13 | 6.1e-19
dq_-Q1 | 82.131 | 27.544 | 97.7658 | 0.89142 | 0.64907 | 0.47634 | 0.11548 | 0.4769 | 0.8506 | 3.025 | 5.075 | 3.475 | 4.425 | -5.2e-06 | 7.9e-13 | 6.4e-19
dq_+Q2 | 82.631 | 28.044 | 98.5135 | 0.89012 | 0.64820 | 0.47619 | 0.11505 | 0.4862 | 0.8536 | 3.025 | 5.075 | 3.475 | 4.425 | -5.2e-06 | 6.4e-13 | 6.3e-19
dq_-Q2 | 82.631 | 27.044 | 97.8234 | 0.89195 | 0.64852 | 0.47627 | 0.11519 | 0.4639 | 0.8497 | 3.025 | 5.075 | 3.475 | 4.475 | -5.2e-06 | 8.3e-13 | 6.3e-19
v1_Q82_gleichesJ | 82.631 | 0.000 | 78.5725 | 0.95089 | 0.67703 | 0.00000 | - | 0.0000 | 0.6345 | 3.525 | 5.225 | 3.525 | - | -7.6e-06 | 7.6e-13 | 2.9e-18

Vergleich bei gleichem Q und J = Q1 (E_sep = E_v1(Q1) + E_b(Q2), E_b = min(E_Ball, Q2) falls zerstreut):
fall | E_fc | E_sep | Bindung E_sep - E_fc | E_v1(Q) [J = Q] | E_b(Q) [J = 0] | Reihenfolge E_b < E_fc < E_v1
Q94_q10 | 86.9406 | 89.4732 | 2.5326 | 87.7138 | 77.4602 | ja
Q94_q25 | 85.4163 | 90.5257 | 5.1095 | 87.7138 | 77.4602 | ja
Q94_q40 | 83.6351 | 89.6350 | 5.9999 | 87.7138 | 77.4602 | ja
Q110_q10 | 99.8631 | 102.9845 | 3.1215 | 100.7281 | 89.8706 | ja
Q110_q25 | 98.1685 | 104.1419 | 5.9734 | 100.7281 | 89.8706 | ja
Q110_q40 | 96.2732 | 103.5429 | 7.2697 | 100.7281 | 89.8706 | ja
Q139_q10 | 122.0950 | 126.0782 | 3.9833 | 123.0734 | 111.4645 | ja
Q139_q25 | 120.1678 | 127.2743 | 7.1065 | 123.0734 | 111.4645 | ja
Q139_q40 | 118.1344 | 126.9657 | 8.8313 | 123.0734 | 111.4645 | ja
Q199_q10 | 168.3021 | 173.4775 | 5.1754 | 169.4459 | 156.8164 | ja
Q199_q25 | 165.9970 | 174.8199 | 8.8229 | 169.4459 | 156.8164 | ja
Q199_q40 | 163.7937 | 174.8057 | 11.0120 | 169.4459 | 156.8164 | ja

K1: einkomponentig gegen die RING-Schiesstabelle (omega^2, E):
  Q = 93.861: omega^2 0.64999 (RING 0.65), E 87.7138 (RING 87.714), rel. 2.3e-06
  Q = 110.174: omega^2 0.62500 (RING 0.625), E 100.7281 (RING 100.728), rel. 1.1e-06
  Q = 138.757: omega^2 0.60000 (RING 0.6), E 123.0734 (RING 123.074), rel. 4.8e-06
  Q = 199.35: omega^2 0.57500 (RING 0.575), E 169.4459 (RING 169.447), rel. 6.2e-06
K5: dE/dQ1 = 0.805210 gegen omega1 = 0.805209; dE/dQ2 = 0.690079 gegen omega2 = 0.690073
v1 gleiches J (Q1 = 82,63): E = 78.5725, omega^2 = 0.67703
