k3diag.py (k3diag-k0.10) Start 2026-10-01 15:38:20 UTC
Argumente: {"kappa": "-0.10", "h": "0.02,0.01", "aus": "/home/fmh/fmhc-physics-remote/runde12-afm-kanal1/aus", "name": "k3diag-k0.10"}
kappa | f | h | K3_transl ab i=3 (wie vorab) | ab r>=0,1 | ab r>=1 | Ort max (ab i=3) | erste 8 Punkte | K3_phase ab i=3 | ab r>=0,1
-0.1 | 0.1 | 0.02 | 8.98e-09 | 8.98e-09 | 8.98e-09 | 47.780 | 3.1e-09, 2.7e-09, 1.1e-09, 2.0e-10, 2.3e-09, 4.7e-09, 7.5e-10, 5.6e-09 | 1.0e-11 | 1.0e-11
-0.1 | 0.2 | 0.02 | 9.03e-09 | 9.03e-09 | 9.03e-09 | 21.320 | 6.7e-10, 3.0e-09, 7.0e-10, 1.8e-09, 2.5e-09, 7.7e-10, 7.4e-10, 5.4e-11 | 9.8e-12 | 9.8e-12
-0.1 | 0.35 | 0.02 | 7.57e-08 | 7.85e-09 | 7.85e-09 | 0.030 | 7.6e-08, 3.6e-09, 6.1e-09, 3.6e-10, 3.7e-09, 1.8e-09, 1.3e-09, 1.0e-09 | 1.1e-11 | 1.1e-11
-0.1 | 0.5 | 0.02 | 4.43e-07 | 9.10e-09 | 9.10e-09 | 0.030 | 4.4e-07, 1.1e-08, 5.3e-09, 4.5e-10, 6.3e-09, 6.5e-09, 3.6e-09, 2.8e-10 | 1.0e-11 | 1.0e-11
-0.1 | 0.7 | 0.02 | 1.03e-06 | 8.45e-09 | 8.12e-09 | 0.030 | 1.0e-06, 3.7e-08, 4.7e-09, 5.0e-09, 2.7e-10, 4.7e-09, 2.1e-09, 2.5e-09 | 8.4e-12 | 8.4e-12
-0.1 | 0.85 | 0.02 | 7.20e-07 | 6.06e-09 | 6.06e-09 | 0.030 | 7.2e-07, 3.2e-08, 3.3e-09, 1.7e-09, 1.5e-09, 5.5e-09, 4.2e-09, 3.7e-10 | 8.6e-12 | 8.6e-12
-0.1 | 0.95 | 0.02 | 2.50e-06 | 1.11e-08 | 1.08e-08 | 0.030 | 2.5e-06, 1.0e-07, 7.5e-09, 3.3e-09, 1.9e-09, 5.5e-09, 1.8e-09, 4.3e-09 | 1.0e-11 | 1.0e-11
-0.1 | 0.1 | 0.01 | 7.48e-08 | 7.48e-08 | 7.48e-08 | 41.625 | 9.5e-09, 1.6e-08, 1.7e-08, 1.4e-08, 1.1e-08, 3.4e-08, 1.1e-08, 2.7e-08 | 3.9e-11 | 3.9e-11
-0.1 | 0.2 | 0.01 | 7.68e-08 | 7.68e-08 | 7.68e-08 | 16.230 | 3.3e-09, 2.0e-08, 2.9e-08, 3.1e-08, 2.5e-08, 5.0e-10, 3.4e-08, 2.3e-08 | 3.9e-11 | 3.9e-11
-0.1 | 0.35 | 0.01 | 7.01e-08 | 7.01e-08 | 7.01e-08 | 14.025 | 2.8e-08, 1.4e-08, 5.4e-09, 1.0e-08, 7.7e-09, 1.3e-08, 6.4e-09, 1.2e-08 | 4.2e-11 | 4.2e-11
-0.1 | 0.5 | 0.01 | 2.12e-07 | 5.98e-08 | 5.98e-08 | 0.015 | 2.1e-07, 2.6e-08, 2.0e-08, 2.6e-08, 3.8e-08, 1.6e-08, 1.7e-08, 2.1e-08 | 3.7e-11 | 3.7e-11
-0.1 | 0.7 | 0.01 | 5.31e-07 | 6.66e-08 | 6.66e-08 | 0.015 | 5.3e-07, 2.3e-08, 1.5e-08, 1.6e-08, 6.9e-09, 4.3e-08, 4.5e-08, 9.9e-09 | 3.3e-11 | 3.3e-11
-0.1 | 0.85 | 0.01 | 3.73e-07 | 7.30e-08 | 7.30e-08 | 0.015 | 3.7e-07, 2.3e-08, 1.9e-08, 1.5e-08, 2.2e-08, 3.3e-08, 1.7e-08, 8.2e-09 | 3.0e-11 | 3.0e-11
-0.1 | 0.95 | 0.01 | 1.29e-06 | 9.74e-08 | 9.74e-08 | 0.015 | 1.3e-06, 9.9e-08, 9.6e-09, 3.7e-08, 1.3e-08, 4.4e-08, 4.1e-08, 1.2e-08 | 4.2e-11 | 4.2e-11
Ende 2026-10-01 15:38:53 UTC
