k3diag.py (k3diag-k0.20) Start 2026-10-01 15:38:16 UTC
Argumente: {"kappa": "-0.20", "h": "0.02,0.01", "aus": "/home/fmh/fmhc-physics-remote/runde12-afm-kanal1/aus", "name": "k3diag-k0.20"}
kappa | f | h | K3_transl ab i=3 (wie vorab) | ab r>=0,1 | ab r>=1 | Ort max (ab i=3) | erste 8 Punkte | K3_phase ab i=3 | ab r>=0,1
-0.2 | 0.1 | 0.02 | 6.84e-09 | 6.84e-09 | 6.84e-09 | 24.730 | 2.2e-10, 7.9e-10, 2.7e-09, 3.2e-09, 9.5e-10, 2.1e-09, 2.0e-09, 3.5e-11 | 1.0e-11 | 1.0e-11
-0.2 | 0.2 | 0.02 | 5.44e-09 | 5.44e-09 | 5.44e-09 | 15.350 | 1.6e-09, 4.2e-09, 4.3e-09, 2.4e-09, 1.3e-10, 1.8e-09, 2.6e-09, 2.0e-09 | 9.7e-12 | 9.7e-12
-0.2 | 0.35 | 0.02 | 2.17e-07 | 5.57e-09 | 5.57e-09 | 0.030 | 2.2e-07, 4.1e-09, 2.5e-09, 1.0e-10, 5.3e-10, 1.0e-09, 1.0e-09, 7.9e-10 | 9.0e-12 | 9.0e-12
-0.2 | 0.5 | 0.02 | 1.26e-06 | 5.07e-09 | 4.81e-09 | 0.030 | 1.3e-06, 4.3e-08, 3.1e-09, 1.0e-10, 2.9e-09, 4.1e-09, 1.4e-09, 2.5e-09 | 8.2e-12 | 8.2e-12
-0.2 | 0.7 | 0.02 | 2.89e-06 | 5.92e-09 | 5.92e-09 | 0.030 | 2.9e-06, 1.1e-07, 2.4e-09, 2.1e-09, 1.1e-09, 4.7e-09, 3.9e-09, 8.7e-10 | 9.0e-12 | 9.0e-12
-0.2 | 0.85 | 0.02 | 2.03e-06 | 3.61e-09 | 3.61e-09 | 0.030 | 2.0e-06, 7.7e-08, 3.9e-09, 1.3e-09, 3.9e-09, 5.1e-09, 1.3e-09, 6.4e-10 | 9.7e-12 | 9.7e-12
-0.2 | 0.95 | 0.02 | 7.07e-06 | 1.03e-08 | 5.87e-09 | 0.030 | 7.1e-06, 2.7e-07, 1.4e-09, 1.7e-09, 2.1e-09, 3.6e-10, 2.7e-09, 3.1e-09 | 9.4e-12 | 9.4e-12
-0.2 | 0.1 | 0.01 | 4.96e-08 | 4.96e-08 | 4.96e-08 | 22.845 | 2.0e-08, 6.6e-09, 2.0e-08, 2.5e-09, 2.4e-08, 1.6e-08, 1.4e-08, 1.2e-08 | 4.4e-11 | 4.4e-11
-0.2 | 0.2 | 0.01 | 5.34e-08 | 5.34e-08 | 5.34e-08 | 11.365 | 9.8e-09, 6.5e-09, 7.6e-09, 8.5e-10, 3.2e-09, 2.8e-09, 4.3e-09, 1.0e-08 | 4.2e-11 | 4.2e-11
-0.2 | 0.35 | 0.01 | 8.77e-08 | 4.58e-08 | 4.58e-08 | 0.015 | 8.8e-08, 1.3e-08, 4.0e-09, 1.0e-08, 9.7e-09, 1.4e-08, 9.8e-09, 8.0e-09 | 3.9e-11 | 3.9e-11
-0.2 | 0.5 | 0.01 | 6.20e-07 | 4.63e-08 | 4.56e-08 | 0.015 | 6.2e-07, 5.6e-09, 6.3e-09, 6.0e-09, 1.5e-08, 8.2e-10, 2.9e-08, 3.1e-08 | 3.7e-11 | 3.7e-11
-0.2 | 0.7 | 0.01 | 1.42e-06 | 5.01e-08 | 5.01e-08 | 0.015 | 1.4e-06, 1.1e-08, 2.2e-08, 1.5e-08, 3.1e-08, 2.5e-08, 9.3e-09, 4.3e-09 | 3.6e-11 | 3.6e-11
-0.2 | 0.85 | 0.01 | 1.01e-06 | 4.11e-08 | 4.11e-08 | 0.015 | 1.0e-06, 5.9e-08, 2.4e-08, 1.2e-08, 6.6e-09, 2.5e-08, 1.3e-08, 1.6e-08 | 3.2e-11 | 3.2e-11
-0.2 | 0.95 | 0.01 | 3.54e-06 | 6.59e-08 | 6.59e-08 | 0.015 | 3.5e-06, 1.3e-07, 9.9e-09, 3.2e-08, 1.3e-09, 5.5e-08, 4.0e-08, 8.3e-09 | 4.2e-11 | 4.2e-11
Ende 2026-10-01 15:38:39 UTC
