k3diag.py (k3diag-k0.05) Start 2026-10-01 15:38:22 UTC
Argumente: {"kappa": "-0.05", "h": "0.02,0.01", "aus": "/home/fmh/fmhc-physics-remote/runde12-afm-kanal1/aus", "name": "k3diag-k0.05"}
kappa | f | h | K3_transl ab i=3 (wie vorab) | ab r>=0,1 | ab r>=1 | Ort max (ab i=3) | erste 8 Punkte | K3_phase ab i=3 | ab r>=0,1
-0.05 | 0.1 | 0.02 | 1.32e-08 | 1.32e-08 | 1.32e-08 | 45.640 | 5.0e-09, 1.6e-09, 4.9e-09, 6.3e-10, 6.0e-09, 4.1e-09, 3.5e-09, 3.1e-09 | 1.1e-11 | 1.1e-11
-0.05 | 0.2 | 0.02 | 1.41e-08 | 1.41e-08 | 1.41e-08 | 22.070 | 3.7e-09, 2.4e-09, 5.9e-10, 2.9e-09, 9.5e-09, 9.7e-09, 2.5e-09, 3.0e-09 | 1.0e-11 | 1.0e-11
-0.05 | 0.35 | 0.02 | 2.54e-08 | 1.09e-08 | 1.09e-08 | 0.030 | 2.5e-08, 2.5e-09, 3.7e-09, 2.0e-09, 7.5e-09, 1.4e-08, 5.2e-09, 7.3e-09 | 9.5e-12 | 9.5e-12
-0.05 | 0.5 | 0.02 | 1.49e-07 | 1.08e-08 | 1.08e-08 | 0.030 | 1.5e-07, 6.6e-10, 2.3e-10, 4.8e-09, 5.8e-09, 6.0e-09, 5.1e-09, 9.1e-10 | 1.1e-11 | 1.1e-11
-0.05 | 0.7 | 0.02 | 3.56e-07 | 1.19e-08 | 1.17e-08 | 0.030 | 3.6e-07, 2.9e-09, 5.7e-09, 1.5e-09, 6.1e-09, 5.9e-09, 3.3e-10, 6.1e-09 | 7.4e-12 | 7.4e-12
-0.05 | 0.85 | 0.02 | 2.50e-07 | 1.04e-08 | 1.04e-08 | 0.030 | 2.5e-07, 1.2e-08, 4.4e-10, 3.3e-09, 4.0e-09, 2.9e-09, 1.0e-09, 1.1e-10 | 8.8e-12 | 8.8e-12
-0.05 | 0.95 | 0.02 | 8.85e-07 | 1.93e-08 | 1.93e-08 | 0.030 | 8.8e-07, 4.3e-08, 1.1e-08, 2.7e-09, 9.1e-09, 9.6e-09, 4.5e-10, 9.9e-09 | 1.1e-11 | 1.1e-11
-0.05 | 0.1 | 0.01 | 1.12e-07 | 1.12e-07 | 1.12e-07 | 44.030 | 4.8e-08, 2.3e-08, 1.6e-08, 5.2e-08, 7.1e-08, 4.4e-08, 2.2e-10, 1.0e-08 | 4.1e-11 | 4.1e-11
-0.05 | 0.2 | 0.01 | 1.08e-07 | 1.08e-07 | 1.08e-07 | 32.600 | 2.1e-08, 2.5e-08, 1.6e-08, 8.5e-09, 3.0e-08, 7.7e-09, 1.7e-08, 1.8e-08 | 4.7e-11 | 4.7e-11
-0.05 | 0.35 | 0.01 | 1.11e-07 | 1.11e-07 | 1.11e-07 | 10.945 | 3.6e-09, 1.8e-08, 4.0e-10, 1.8e-08, 2.6e-08, 1.8e-08, 1.2e-08, 1.1e-08 | 4.3e-11 | 4.3e-11
-0.05 | 0.5 | 0.01 | 1.03e-07 | 9.25e-08 | 9.25e-08 | 0.065 | 8.6e-08, 6.1e-09, 6.1e-09, 1.1e-08, 4.7e-08, 5.1e-08, 6.5e-10, 5.5e-08 | 3.4e-11 | 3.4e-11
-0.05 | 0.7 | 0.01 | 1.75e-07 | 9.99e-08 | 9.99e-08 | 0.015 | 1.8e-07, 5.9e-08, 3.9e-08, 2.1e-08, 4.4e-08, 2.8e-08, 1.3e-08, 4.3e-08 | 3.6e-11 | 3.6e-11
-0.05 | 0.85 | 0.01 | 1.14e-07 | 8.24e-08 | 8.24e-08 | 0.015 | 1.1e-07, 1.7e-08, 2.1e-08, 2.2e-09, 2.5e-08, 2.1e-08, 1.8e-08, 2.5e-09 | 4.0e-11 | 4.0e-11
-0.05 | 0.95 | 0.01 | 5.07e-07 | 1.36e-07 | 1.36e-07 | 0.015 | 5.1e-07, 6.9e-08, 3.6e-08, 2.3e-08, 2.2e-08, 7.1e-08, 4.0e-08, 3.5e-09 | 4.2e-11 | 4.2e-11
Ende 2026-10-01 15:39:09 UTC
