k3diag.py (k3diag-k0.017) Start 2026-10-01 15:39:28 UTC
Argumente: {"kappa": "-0.017", "h": "0.02,0.01", "aus": "/home/fmh/fmhc-physics-remote/runde12-afm-kanal1/aus", "name": "k3diag-k0.017"}
kappa | f | h | K3_transl ab i=3 (wie vorab) | ab r>=0,1 | ab r>=1 | Ort max (ab i=3) | erste 8 Punkte | K3_phase ab i=3 | ab r>=0,1
-0.017 | 0.1 | 0.02 | 2.61e-08 | 2.61e-08 | 2.61e-08 | 133.000 | 7.5e-09, 1.3e-09, 6.5e-09, 5.1e-09, 3.8e-10, 2.6e-09, 1.3e-09, 6.4e-09 | 1.0e-11 | 1.0e-11
-0.017 | 0.2 | 0.02 | 2.07e-08 | 2.07e-08 | 2.07e-08 | 39.890 | 1.7e-09, 7.3e-09, 8.4e-09, 2.2e-09, 1.7e-08, 1.6e-08, 1.5e-09, 6.6e-09 | 9.5e-12 | 9.5e-12
-0.017 | 0.35 | 0.02 | 2.49e-08 | 2.49e-08 | 2.49e-08 | 5.220 | 1.0e-08, 1.6e-09, 1.4e-08, 1.5e-08, 2.3e-09, 4.5e-09, 1.4e-09, 1.5e-09 | 9.9e-12 | 9.9e-12
-0.017 | 0.5 | 0.02 | 2.18e-08 | 1.97e-08 | 1.97e-08 | 0.030 | 2.2e-08, 6.5e-09, 5.4e-09, 2.4e-09, 5.5e-09, 6.9e-09, 1.3e-09, 9.5e-09 | 9.8e-12 | 9.8e-12
-0.017 | 0.7 | 0.02 | 6.71e-08 | 1.79e-08 | 1.79e-08 | 0.030 | 6.7e-08, 3.8e-09, 8.3e-09, 9.0e-09, 2.4e-09, 9.3e-09, 1.0e-08, 1.9e-09 | 7.6e-12 | 7.6e-12
-0.017 | 0.85 | 0.02 | 5.28e-08 | 1.54e-08 | 1.54e-08 | 0.030 | 5.3e-08, 9.2e-09, 1.2e-08, 1.0e-08, 1.8e-09, 1.2e-08, 1.0e-08, 8.9e-10 | 8.9e-12 | 8.9e-12
-0.017 | 0.95 | 0.02 | 1.72e-07 | 2.73e-08 | 2.73e-08 | 0.030 | 1.7e-07, 9.3e-09, 1.8e-10, 6.5e-09, 7.8e-09, 7.4e-09, 4.5e-09, 1.2e-09 | 9.8e-12 | 9.8e-12
-0.017 | 0.1 | 0.01 | 1.90e-07 | 1.90e-07 | 1.90e-07 | 48.865 | 3.1e-08, 5.6e-09, 1.8e-08, 4.7e-09, 3.0e-08, 1.6e-08, 5.4e-08, 6.5e-08 | 4.4e-11 | 4.4e-11
-0.017 | 0.2 | 0.01 | 1.75e-07 | 1.75e-07 | 1.75e-07 | 42.940 | 4.7e-09, 4.1e-08, 4.1e-08, 3.1e-08, 3.6e-08, 4.3e-08, 1.4e-08, 5.6e-08 | 4.6e-11 | 4.6e-11
-0.017 | 0.35 | 0.01 | 1.83e-07 | 1.83e-07 | 1.83e-07 | 32.015 | 8.3e-08, 1.1e-07, 7.2e-08, 1.5e-08, 9.0e-08, 1.4e-07, 2.0e-08, 1.1e-07 | 4.1e-11 | 4.1e-11
-0.017 | 0.5 | 0.01 | 1.93e-07 | 1.93e-07 | 1.93e-07 | 13.490 | 7.4e-08, 7.6e-08, 4.1e-08, 2.5e-08, 4.2e-08, 1.0e-07, 7.0e-08, 2.2e-08 | 3.7e-11 | 3.7e-11
-0.017 | 0.7 | 0.01 | 2.09e-07 | 2.09e-07 | 2.09e-07 | 1.665 | 8.4e-08, 5.2e-08, 1.0e-07, 1.5e-10, 8.2e-08, 8.4e-08, 5.1e-08, 2.8e-08 | 3.3e-11 | 3.3e-11
-0.017 | 0.85 | 0.01 | 1.68e-07 | 1.68e-07 | 1.68e-07 | 4.265 | 7.9e-08, 1.5e-08, 1.9e-08, 1.0e-08, 9.6e-09, 6.6e-08, 7.5e-08, 3.9e-08 | 3.9e-11 | 3.9e-11
-0.017 | 0.95 | 0.01 | 2.45e-07 | 2.45e-07 | 2.45e-07 | 5.425 | 1.5e-07, 2.4e-07, 1.9e-07, 1.6e-08, 1.5e-07, 2.0e-07, 6.4e-08, 6.3e-08 | 4.6e-11 | 4.6e-11
Ende 2026-10-01 15:40:52 UTC
