k3diag.py (k3diag-k0.19) Start 2026-10-01 15:38:18 UTC
Argumente: {"kappa": "-0.19", "h": "0.02,0.01", "aus": "/home/fmh/fmhc-physics-remote/runde12-afm-kanal1/aus", "name": "k3diag-k0.19"}
kappa | f | h | K3_transl ab i=3 (wie vorab) | ab r>=0,1 | ab r>=1 | Ort max (ab i=3) | erste 8 Punkte | K3_phase ab i=3 | ab r>=0,1
-0.19 | 0.1 | 0.02 | 6.15e-09 | 6.15e-09 | 6.15e-09 | 22.220 | 1.0e-09, 2.6e-09, 2.3e-09, 4.5e-10, 1.5e-09, 2.0e-09, 1.3e-09, 1.1e-10 | 9.4e-12 | 9.4e-12
-0.19 | 0.2 | 0.02 | 5.83e-09 | 5.83e-09 | 5.83e-09 | 17.480 | 4.5e-09, 2.2e-09, 2.4e-09, 9.7e-10, 2.3e-09, 4.4e-10, 1.3e-09, 2.7e-09 | 9.8e-12 | 9.8e-12
-0.19 | 0.35 | 0.02 | 2.01e-07 | 5.53e-09 | 5.53e-09 | 0.030 | 2.0e-07, 5.4e-09, 1.3e-09, 3.2e-11, 7.2e-10, 2.4e-09, 1.9e-09, 2.5e-09 | 9.2e-12 | 9.2e-12
-0.19 | 0.5 | 0.02 | 1.16e-06 | 4.63e-09 | 4.63e-09 | 0.030 | 1.2e-06, 4.3e-08, 1.3e-09, 2.5e-11, 1.4e-09, 2.4e-09, 2.5e-09, 4.4e-10 | 8.2e-12 | 8.2e-12
-0.19 | 0.7 | 0.02 | 2.68e-06 | 5.52e-09 | 5.52e-09 | 0.030 | 2.7e-06, 1.0e-07, 1.5e-09, 1.5e-09, 1.2e-09, 1.6e-09, 3.8e-10, 8.4e-10 | 7.9e-12 | 7.9e-12
-0.19 | 0.85 | 0.02 | 1.88e-06 | 5.90e-09 | 5.90e-09 | 0.030 | 1.9e-06, 7.2e-08, 2.8e-09, 7.7e-10, 4.9e-09, 4.1e-09, 1.6e-09, 4.1e-09 | 9.0e-12 | 9.0e-12
-0.19 | 0.95 | 0.02 | 6.55e-06 | 7.65e-09 | 6.18e-09 | 0.030 | 6.5e-06, 2.5e-07, 7.7e-10, 3.5e-09, 5.0e-09, 5.0e-09, 4.4e-09, 1.5e-09 | 1.0e-11 | 1.0e-11
-0.19 | 0.1 | 0.01 | 5.76e-08 | 5.76e-08 | 5.76e-08 | 11.820 | 8.7e-09, 7.0e-09, 2.1e-08, 1.4e-08, 1.3e-08, 2.7e-08, 1.7e-08, 5.1e-09 | 4.2e-11 | 4.2e-11
-0.19 | 0.2 | 0.01 | 4.71e-08 | 4.71e-08 | 4.71e-08 | 12.120 | 2.3e-09, 1.7e-08, 2.2e-08, 2.5e-08, 1.6e-08, 3.4e-09, 6.0e-09, 2.0e-09 | 3.6e-11 | 3.6e-11
-0.19 | 0.35 | 0.01 | 9.29e-08 | 4.83e-08 | 4.83e-08 | 0.015 | 9.3e-08, 7.4e-09, 1.3e-08, 1.0e-08, 1.3e-08, 2.4e-08, 8.1e-10, 2.2e-08 | 4.0e-11 | 4.0e-11
-0.19 | 0.5 | 0.01 | 5.80e-07 | 4.64e-08 | 4.64e-08 | 0.015 | 5.8e-07, 2.5e-08, 9.3e-09, 2.7e-08, 1.0e-09, 3.5e-08, 1.7e-08, 2.0e-08 | 3.3e-11 | 3.3e-11
-0.19 | 0.7 | 0.01 | 1.34e-06 | 5.94e-08 | 5.94e-08 | 0.015 | 1.3e-06, 6.1e-08, 1.2e-08, 1.4e-08, 2.9e-08, 1.5e-08, 1.3e-09, 3.6e-10 | 3.2e-11 | 3.2e-11
-0.19 | 0.85 | 0.01 | 9.52e-07 | 4.23e-08 | 4.23e-08 | 0.015 | 9.5e-07, 5.8e-08, 9.2e-09, 1.3e-09, 1.7e-09, 8.5e-09, 1.1e-08, 7.6e-09 | 3.5e-11 | 3.5e-11
-0.19 | 0.95 | 0.01 | 3.29e-06 | 7.00e-08 | 7.00e-08 | 0.015 | 3.3e-06, 1.4e-07, 1.0e-08, 9.4e-09, 9.2e-10, 2.8e-09, 6.3e-09, 5.8e-09 | 4.3e-11 | 4.3e-11
Ende 2026-10-01 15:38:41 UTC
