RING profile: m = 1 und m = 0 (nur Schiessen). Start 2026-09-30T04:24:35+02:00, Ende 2026-09-30T04:24:56+02:00, CPU (nur Formprobe), torch 2.10.0+cu128 RAUCHTEST: Zahlen ungueltig
Dauer [s]: schiessen_oder_cache_s 21.5
omega2 m | Q | E | E/Q | S_max | R_kern_halb | R_max | R_halb | Virialrest | Klammer | gueltig
  0.540 1 | 536.381 | 419.926 | 0.78289 | 1.0139 | 2.667 | 7.240 | 11.021 | -5.0e-11 | 1.5e-11 | ja
  0.545 1 | 440.327 | 349.187 | 0.79302 | 1.0100 | 2.604 | 6.550 | 10.014 | -6.3e-11 | 1.5e-11 | ja
  0.550 1 | 370.210 | 297.311 | 0.80309 | 1.0041 | 2.544 | 6.020 | 9.212 | 2.1e-11 | 1.5e-11 | ja
  0.555 1 | 317.493 | 258.131 | 0.81303 | 0.9962 | 2.486 | 5.610 | 8.563 | -8.5e-12 | 1.5e-11 | ja
  0.560 1 | 276.935 | 227.850 | 0.82276 | 0.9862 | 2.431 | 5.280 | 8.030 | -1.1e-11 | 1.5e-11 | ja
  0.565 1 | 245.140 | 204.007 | 0.83220 | 0.9745 | 2.379 | 5.010 | 7.590 | -1.9e-11 | 1.5e-11 | ja
  0.570 1 | 219.814 | 184.929 | 0.84130 | 0.9614 | 2.332 | 4.780 | 7.224 | -3.2e-11 | 1.5e-11 | ja
  0.575 1 | 199.350 | 169.447 | 0.85000 | 0.9471 | 2.289 | 4.590 | 6.918 | -2.9e-11 | 1.5e-11 | ja
  0.580 1 | 182.596 | 156.716 | 0.85826 | 0.9320 | 2.250 | 4.440 | 6.659 | -2.5e-11 | 1.5e-11 | ja
  0.585 1 | 168.711 | 146.119 | 0.86609 | 0.9163 | 2.215 | 4.300 | 6.440 | -3.1e-11 | 1.5e-11 | ja
  0.590 1 | 157.069 | 137.196 | 0.87348 | 0.9002 | 2.183 | 4.190 | 6.254 | -3.5e-11 | 1.5e-11 | ja
  0.595 1 | 147.203 | 129.602 | 0.88043 | 0.8838 | 2.156 | 4.090 | 6.094 | -3.4e-11 | 1.5e-11 | ja
  0.600 1 | 138.757 | 123.074 | 0.88698 | 0.8674 | 2.131 | 4.010 | 5.957 | -4.1e-11 | 1.5e-11 | ja
  0.605 1 | 131.460 | 117.410 | 0.89313 | 0.8510 | 2.110 | 3.930 | 5.839 | -4.3e-11 | 1.5e-11 | ja
  0.610 1 | 125.101 | 112.454 | 0.89891 | 0.8347 | 2.091 | 3.870 | 5.737 | -4.6e-11 | 1.5e-11 | ja
  0.615 1 | 119.515 | 108.083 | 0.90434 | 0.8185 | 2.075 | 3.820 | 5.648 | -4.2e-11 | 1.5e-11 | ja
  0.620 1 | 114.574 | 104.200 | 0.90946 | 0.8024 | 2.061 | 3.770 | 5.570 | -4.7e-11 | 1.5e-11 | ja
  0.625 1 | 110.174 | 100.728 | 0.91427 | 0.7866 | 2.049 | 3.730 | 5.503 | -4.7e-11 | 1.5e-11 | ja
  0.630 1 | 106.231 | 97.605 | 0.91880 | 0.7709 | 2.038 | 3.690 | 5.445 | -4.5e-11 | 1.5e-11 | ja
  0.635 1 | 102.679 | 94.780 | 0.92308 | 0.7555 | 2.029 | 3.660 | 5.394 | -5.0e-11 | 1.5e-11 | ja
  0.640 1 | 99.462 | 92.212 | 0.92711 | 0.7403 | 2.022 | 3.640 | 5.349 | -5.2e-11 | 1.5e-11 | ja
  0.645 1 | 96.535 | 89.866 | 0.93092 | 0.7253 | 2.016 | 3.610 | 5.311 | -5.1e-11 | 1.5e-11 | ja
  0.650 1 | 93.861 | 87.714 | 0.93451 | 0.7105 | 2.012 | 3.590 | 5.279 | -5.2e-11 | 1.5e-11 | ja
  0.655 1 | 91.407 | 85.732 | 0.93792 | 0.6960 | 2.008 | 3.580 | 5.251 | -5.3e-11 | 1.5e-11 | ja
  0.660 1 | 89.148 | 83.901 | 0.94114 | 0.6817 | 2.006 | 3.560 | 5.227 | -5.4e-11 | 1.5e-11 | ja
  0.540 0 | 366.174 | 280.119 | 0.76499 | 1.0378 | 0.000 | 0.000 | 8.652 | 8.0e-09 | 9.4e-13 | ja
  0.550 0 | 238.432 | 185.863 | 0.77952 | 1.0465 | 0.000 | 0.000 | 6.880 | 1.5e-08 | 9.5e-13 | ja
  0.560 0 | 168.719 | 133.949 | 0.79392 | 1.0543 | 0.000 | 0.000 | 5.699 | 2.6e-08 | 9.5e-13 | ja
  0.570 0 | 126.509 | 102.232 | 0.80810 | 1.0605 | 0.000 | 0.000 | 4.856 | 4.0e-08 | 9.6e-13 | ja
  0.580 0 | 99.022 | 81.395 | 0.82199 | 1.0642 | 0.000 | 0.000 | 4.226 | 5.8e-08 | 9.6e-13 | ja
  0.590 0 | 80.135 | 66.953 | 0.83550 | 1.0646 | 0.000 | 0.000 | 3.741 | 8.0e-08 | 9.6e-13 | ja
  0.600 0 | 66.616 | 56.527 | 0.84855 | 1.0612 | 0.000 | 0.000 | 3.358 | 1.1e-07 | 9.7e-13 | ja
  0.610 0 | 56.625 | 48.757 | 0.86106 | 1.0537 | 0.000 | 0.000 | 3.053 | 1.4e-07 | 9.7e-13 | ja
  0.620 0 | 49.047 | 42.816 | 0.87296 | 1.0422 | 0.000 | 0.000 | 2.806 | 1.7e-07 | 9.7e-13 | ja
  0.630 0 | 43.176 | 38.175 | 0.88418 | 1.0269 | 0.000 | 0.000 | 2.605 | 2.0e-07 | 9.8e-13 | ja
  0.640 0 | 38.543 | 34.484 | 0.89468 | 1.0082 | 0.000 | 0.000 | 2.441 | 2.4e-07 | 9.8e-13 | ja
  0.650 0 | 34.829 | 31.501 | 0.90446 | 0.9866 | 0.000 | 0.000 | 2.306 | 2.8e-07 | 9.8e-13 | ja
  0.660 0 | 31.807 | 29.056 | 0.91351 | 0.9625 | 0.000 | 0.000 | 2.195 | 3.1e-07 | 9.9e-13 | ja
  0.700 0 | 23.996 | 22.626 | 0.94290 | 0.8500 | 0.000 | 0.000 | 1.916 | 4.2e-07 | 1.0e-12 | ja
Kennzahlen: {"m1_gueltig": 25, "m1_zeilen": 25, "m1_Q_monoton_fallend": true, "m0_gueltig": 14, "virialrest_max": 4.1872158729570007e-07, "omega2_bei_Q160": {"m1": 0.5887070014608445, "m0": 0.5618429429939183}, "omega2_bei_Q208": {"m1": 0.5728266184977363, "m0": 0.553948159677406}}
Schranke: Q(omega) fuer m = 1 streng fallend (Voraussetzung der Interpolation bei gleicher Ladung): ja
