Runde 5 R5-A keim Start 2026-09-30T00:31:50+00:00 auf CPU, 1 Faden, torch 2.5.1+cu121, Schiessen 256 x 5

Chemie 11 Keimbildung: Ball im Reservoir -gamma (psi_t + i omega_b psi), gamma = 0.02; kappa = d ln Q/dt in [T/8, T/2]; Vorhersage fuer einen stationaeren Ball kappa = gamma (omega_b/omega - 1).
  omega_b^2 | Start omega^2 | gamma | R_halb | Q_0 | Q_T/Q_0 | kappa | kappa_vorh | kappa/vorh | Klasse
  [grob]
  0.55 | 0.530 | 0.02 | 23.853 | 8.58562e+04 | 1.38148 | +3.933e-04 | +3.739e-04 | 1.052 | waechst
  0.55 | 0.545 | 0.02 | 15.963 | 2.66989e+04 | 1.08669 | +9.937e-05 | +9.153e-05 | 1.086 | waechst
  0.55 | 0.550 | 0.02 | 14.381 | 1.97733e+04 | 1.00096 | +1.147e-06 | +0.000e+00 | nan | bleibt
  0.55 | 0.555 | 0.02 | 13.085 | 1.50902e+04 | 0.92097 | -9.738e-05 | -9.029e-05 | 1.079 | schrumpft
  0.55 | 0.570 | 0.02 | 10.299 | 7.66485e+03 | 0.71237 | -3.938e-04 | -3.540e-04 | 1.112 | schrumpft
  0.55 | 0.530 | 0.00 | 23.853 | 8.58562e+04 | 1.00000 | -9.444e-12 | +0.000e+00 | nan | bleibt
  0.55 | 0.570 | 0.00 | 10.299 | 7.66485e+03 | 1.00000 | -2.464e-11 | -0.000e+00 | nan | bleibt
  0.60 | 0.580 | 0.02 | 9.017 | 5.29157e+03 | 1.39957 | +3.891e-04 | +3.419e-04 | 1.138 | waechst
  0.60 | 0.595 | 0.02 | 7.592 | 3.30282e+03 | 1.09083 | +9.887e-05 | +8.386e-05 | 1.179 | waechst
  0.60 | 0.600 | 0.02 | 7.210 | 2.87318e+03 | 1.00154 | +1.740e-06 | +0.000e+00 | nan | waechst
  0.60 | 0.605 | 0.02 | 6.864 | 2.51802e+03 | 0.91843 | -9.558e-05 | -8.282e-05 | 1.154 | schrumpft
  0.60 | 0.620 | 0.02 | 5.994 | 1.76049e+03 | 0.70264 | -3.887e-04 | -3.252e-04 | 1.195 | schrumpft
  0.60 | 0.580 | 0.00 | 9.017 | 5.29157e+03 | 1.00000 | -3.668e-11 | +0.000e+00 | nan | bleibt
  0.60 | 0.620 | 0.00 | 5.994 | 1.76049e+03 | 1.00000 | -7.509e-11 | -0.000e+00 | nan | bleibt
  0.70 | 0.680 | 0.02 | 3.932 | 6.15238e+02 | 1.44213 | +3.843e-04 | +2.920e-04 | 1.316 | waechst
  0.70 | 0.695 | 0.02 | 3.610 | 5.03918e+02 | 1.10114 | +9.893e-05 | +7.181e-05 | 1.378 | waechst
  0.70 | 0.700 | 0.02 | 3.513 | 4.73413e+02 | 1.00315 | +3.203e-06 | +0.000e+00 | nan | waechst
  0.70 | 0.705 | 0.02 | 3.421 | 4.45594e+02 | 0.91218 | -9.286e-05 | -7.105e-05 | 1.307 | schrumpft
  0.70 | 0.720 | 0.02 | 3.171 | 3.75490e+02 | 0.67669 | -3.835e-04 | -2.797e-04 | 1.371 | schrumpft
  0.70 | 0.680 | 0.00 | 3.932 | 6.15238e+02 | 1.00000 | -7.163e-11 | +0.000e+00 | nan | bleibt
  0.70 | 0.720 | 0.00 | 3.171 | 3.75490e+02 | 1.00000 | -1.254e-10 | -0.000e+00 | nan | bleibt
  [fein]
  0.55 | 0.530 | 0.02 | 23.853 | 8.58562e+04 | 1.37987 | +3.919e-04 | +3.739e-04 | 1.048 | waechst
  0.55 | 0.545 | 0.02 | 15.963 | 2.66989e+04 | 1.08532 | +9.785e-05 | +9.153e-05 | 1.069 | waechst
  0.55 | 0.550 | 0.02 | 14.381 | 1.97733e+04 | 0.99966 | -4.031e-07 | +0.000e+00 | nan | bleibt
  0.55 | 0.555 | 0.02 | 13.085 | 1.50902e+04 | 0.91974 | -9.896e-05 | -9.029e-05 | 1.096 | schrumpft
  0.55 | 0.570 | 0.02 | 10.299 | 7.66485e+03 | 0.71133 | -3.955e-04 | -3.540e-04 | 1.117 | schrumpft
  0.55 | 0.530 | 0.00 | 23.853 | 8.58562e+04 | 1.00000 | -5.822e-13 | +0.000e+00 | nan | bleibt
  0.55 | 0.570 | 0.00 | 10.299 | 7.66485e+03 | 1.00000 | -1.546e-12 | -0.000e+00 | nan | bleibt
  0.60 | 0.580 | 0.02 | 9.017 | 5.29157e+03 | 1.39728 | +3.872e-04 | +3.419e-04 | 1.133 | waechst
  0.60 | 0.595 | 0.02 | 7.592 | 3.30282e+03 | 1.08890 | +9.685e-05 | +8.386e-05 | 1.155 | waechst
  0.60 | 0.600 | 0.02 | 7.210 | 2.87318e+03 | 0.99972 | -3.167e-07 | +0.000e+00 | nan | bleibt
  0.60 | 0.605 | 0.02 | 6.864 | 2.51802e+03 | 0.91671 | -9.767e-05 | -8.282e-05 | 1.179 | schrumpft
  0.60 | 0.620 | 0.02 | 5.994 | 1.76049e+03 | 0.70121 | -3.909e-04 | -3.252e-04 | 1.202 | schrumpft
  0.60 | 0.580 | 0.00 | 9.017 | 5.29157e+03 | 1.00000 | -2.277e-12 | +0.000e+00 | nan | bleibt
  0.60 | 0.620 | 0.00 | 5.994 | 1.76049e+03 | 1.00000 | -4.686e-12 | -0.000e+00 | nan | bleibt
  0.70 | 0.680 | 0.02 | 3.932 | 6.15238e+02 | 1.43799 | +3.813e-04 | +2.920e-04 | 1.306 | waechst
  0.70 | 0.695 | 0.02 | 3.610 | 5.03918e+02 | 1.09769 | +9.569e-05 | +7.181e-05 | 1.333 | waechst
  0.70 | 0.700 | 0.02 | 3.513 | 4.73413e+02 | 0.99991 | -8.812e-08 | +0.000e+00 | nan | bleibt
  0.70 | 0.705 | 0.02 | 3.421 | 4.45594e+02 | 0.90914 | -9.621e-05 | -7.105e-05 | 1.354 | schrumpft
  0.70 | 0.720 | 0.02 | 3.171 | 3.75490e+02 | 0.67417 | -3.870e-04 | -2.797e-04 | 1.384 | schrumpft
  0.70 | 0.680 | 0.00 | 3.932 | 6.15238e+02 | 1.00000 | -4.454e-12 | +0.000e+00 | nan | bleibt
  0.70 | 0.720 | 0.00 | 3.171 | 3.75490e+02 | 1.00000 | -7.837e-12 | -0.000e+00 | nan | bleibt
  Kritischer Radius: omega_b^2 | R_c dynamisch grob (fein) | R_halb(omega_b) | R_CNT = 2 sigma_inf/P_bulk | R_YL eigen = 2 sigma/P_in | R_CNT/R_c | R_halb/R_c
  0.55 | 14.366 (14.388, normal) | 14.381 | 13.812 | 14.992 | 0.9615 | 1.0010
  0.60 | 7.204 (7.211, normal) | 7.210 | 6.761 | 7.749 | 0.9385 | 1.0009
  0.70 | 3.510 (3.514, normal) | 3.513 | 3.256 | 3.908 | 0.9276 | 1.0009
  L3 fuer kappa (grob gegen fein): 12 von 12 bestanden

Ende 2026-09-30T00:37:36+00:00, Dauer 346.0 s, Torch-Speicher max nan MB, Fehler: keine
