Runde 6 M1 medium1d.py landau Start 2026-09-30T03:44:21+02:00 auf CPU, 1 Thread, torch 2.10.0+cu128, Zeitfaktor 0.02, Stufen grob/fein

landau (Wellen 5): Ball in Falle, Medium adiabatisch auf u (Lorentz, Ruhdichte C0). F_med = Kraft des Mediums, gemittelt ab Rampenende + 50. F_MIN = 2e-06.
  Lauf | u (Gitter) | u/c_s | F_med Fenster (1./2. Haelfte) | F_std | F_Falle | Einschwing-Spitze | v, a Ball | S gehalten | C fern
  [grob]
  C0=0.1 u=0.00                | +0.0000 | +0.00 | 1.46e-19 (-1.18e-19, 7.05e-19) | 5.24e-19 | 9.29e-19 | 4.86e-19 | 0.00e+00, 0.00e+00 | 1.1724 | 0.100037
  C0=0.1 u=0.05                | +0.0500 | +0.24 | 4.33e-05 (3.18e-05, 4.93e-05) | 1.15e-05 | -2.48e-06 | 1.97e-05 | 4.66e-05, 1.76e-05 | 1.1724 | 0.100047
  C0=0.1 u=0.08                | +0.0800 | +0.38 | 6.93e-05 (5.08e-05, 7.87e-05) | 1.84e-05 | -3.96e-06 | 3.15e-05 | 7.46e-05, 2.81e-05 | 1.1725 | 0.100064
  C0=0.1 u=0.10                | +0.1000 | +0.48 | 8.65e-05 (6.35e-05, 9.83e-05) | 2.29e-05 | -4.95e-06 | 3.93e-05 | 9.32e-05, 3.51e-05 | 1.1725 | 0.100079
  C0=0.1 u=0.12                | +0.1200 | +0.58 | 1.04e-04 (7.62e-05, 1.18e-04) | 2.75e-05 | -5.94e-06 | 4.71e-05 | 1.12e-04, 4.19e-05 | 1.1725 | 0.100097
  C0=0.1 u=0.14                | +0.1400 | +0.67 | 1.21e-04 (8.88e-05, 1.37e-04) | 3.20e-05 | -6.93e-06 | 5.48e-05 | 1.30e-04, 4.85e-05 | 1.1725 | 0.100119
  C0=0.1 u=0.16                | +0.1600 | +0.77 | 1.37e-04 (1.01e-04, 1.56e-04) | 3.65e-05 | -7.91e-06 | 6.25e-05 | 1.48e-04, 5.50e-05 | 1.1725 | 0.100144
  C0=0.1 u=0.18                | +0.1800 | +0.86 | 1.54e-04 (1.14e-04, 1.75e-04) | 4.09e-05 | -8.90e-06 | 7.01e-05 | 1.67e-04, 6.13e-05 | 1.1725 | 0.100173
  C0=0.1 u=0.21                | +0.2100 | +1.01 | 1.79e-04 (1.33e-04, 2.03e-04) | 4.75e-05 | -1.04e-05 | 8.13e-05 | 1.94e-04, 7.03e-05 | 1.1726 | 0.100222
  C0=0.1 u=0.25                | +0.2500 | +1.20 | 2.11e-04 (1.58e-04, 2.40e-04) | 5.59e-05 | -1.23e-05 | 9.60e-05 | 2.29e-04, 8.12e-05 | 1.1726 | 0.100297
  C0=0.1 u=0.30                | +0.2999 | +1.44 | 2.49e-04 (1.89e-04, 2.83e-04) | 6.57e-05 | -1.47e-05 | 1.14e-04 | 2.71e-04, 9.29e-05 | 1.1727 | 0.100396
  C0=0.1 u=0.40                | +0.3999 | +1.92 | 3.15e-04 (2.47e-04, 3.57e-04) | 8.08e-05 | -1.93e-05 | 1.45e-04 | 3.47e-04, 1.07e-04 | 1.1728 | 0.100526
  C0=0.3 u=0.10                | +0.1000 | +0.31 | 1.66e-04 (1.40e-04, 1.92e-04) | 3.77e-05 | -1.05e-05 | 7.68e-05 | 1.84e-04, 4.25e-05 | 1.1506 | 0.300126
  C0=0.3 u=0.15                | +0.1500 | +0.47 | 2.49e-04 (2.10e-04, 2.89e-04) | 5.68e-05 | -1.58e-05 | 1.15e-04 | 2.76e-04, 6.40e-05 | 1.1507 | 0.300165
  C0=0.3 u=0.19                | +0.1900 | +0.59 | 3.15e-04 (2.65e-04, 3.68e-04) | 7.23e-05 | -2.00e-05 | 1.45e-04 | 3.50e-04, 8.14e-05 | 1.1508 | 0.300192
  C0=0.3 u=0.23                | +0.2300 | +0.72 | 3.80e-04 (3.20e-04, 4.47e-04) | 8.79e-05 | -2.41e-05 | 1.75e-04 | 4.23e-04, 9.87e-05 | 1.1509 | 0.300203
  C0=0.3 u=0.27                | +0.2700 | +0.84 | 4.44e-04 (3.73e-04, 5.25e-04) | 1.03e-04 | -2.83e-05 | 2.04e-04 | 4.95e-04, 1.16e-04 | 1.1510 | 0.300183
  C0=0.3 u=0.31                | +0.3099 | +0.96 | 5.06e-04 (4.25e-04, 6.03e-04) | 1.18e-04 | -3.23e-05 | 2.33e-04 | 5.66e-04, 1.33e-04 | 1.1512 | 0.300118
  C0=0.3 u=0.36                | +0.3599 | +1.12 | 5.80e-04 (4.86e-04, 6.96e-04) | 1.35e-04 | -3.73e-05 | 2.68e-04 | 6.52e-04, 1.53e-04 | 1.1514 | 0.299953
  C0=0.3 u=0.45                | +0.4498 | +1.40 | 6.94e-04 (5.79e-04, 8.37e-04) | 1.54e-04 | -4.56e-05 | 3.30e-04 | 7.90e-04, 1.84e-04 | 1.1519 | 0.299442
  Spiegel C0=0.1 u=-0.25       | -0.2500 | -1.20 | -2.11e-04 (-1.58e-04, -2.40e-04) | 5.59e-05 | 1.23e-05 | 9.60e-05 | -2.29e-04, -8.12e-05 | 1.1726 | 0.100297
  lam=0 C0=0.1 u=0.25          | +0.2500 | +1.20 | 0.00e+00 (0.00e+00, 0.00e+00) | 0.00e+00 | -1.17e-18 | 0.00e+00 | 0.00e+00, 0.00e+00 | 1.1832 | 0.100297
  Medium allein u=0.25         | +0.2500 | +1.20 | 0.00e+00 (0.00e+00, 0.00e+00) | 0.00e+00 | 0.00e+00 | 0.00e+00 | 0.00e+00, 0.00e+00 | nan | 0.100297
  langsam C0=0.1 u=0.10        | +0.1000 | +0.48 | 9.03e-05 (8.47e-05, 9.81e-05) | 8.98e-06 | -5.86e-06 | 7.27e-05 | 1.01e-04, 6.05e-06 | 1.1724 | 0.100036
  Schwelle C0 = 0.1: Kraft schon beim kleinsten u = 0.05 (c_s = 0.2085)
  Schwelle C0 = 0.3: Kraft schon beim kleinsten u = 0.10 (c_s = 0.3216)
  [fein]
  C0=0.1 u=0.00                | +0.0000 | +0.00 | 6.07e-19 (4.89e-19, 8.16e-19) | 5.74e-19 | -8.39e-18 | 1.25e-18 | 0.00e+00, 0.00e+00 | 1.1721 | 0.100009
  C0=0.1 u=0.05                | +0.0500 | +0.24 | 4.33e-05 (3.17e-05, 4.92e-05) | 1.15e-05 | -2.47e-06 | 1.97e-05 | 4.66e-05, 1.76e-05 | 1.1721 | 0.100020
  C0=0.1 u=0.08                | +0.0800 | +0.38 | 6.92e-05 (5.08e-05, 7.86e-05) | 1.83e-05 | -3.96e-06 | 3.15e-05 | 7.46e-05, 2.82e-05 | 1.1721 | 0.100036
  C0=0.1 u=0.10                | +0.1000 | +0.48 | 8.64e-05 (6.34e-05, 9.82e-05) | 2.29e-05 | -4.95e-06 | 3.93e-05 | 9.32e-05, 3.51e-05 | 1.1721 | 0.100051
  C0=0.1 u=0.12                | +0.1200 | +0.58 | 1.03e-04 (7.61e-05, 1.18e-04) | 2.74e-05 | -5.93e-06 | 4.70e-05 | 1.12e-04, 4.18e-05 | 1.1721 | 0.100069
  C0=0.1 u=0.14                | +0.1400 | +0.67 | 1.20e-04 (8.88e-05, 1.37e-04) | 3.19e-05 | -6.92e-06 | 5.47e-05 | 1.30e-04, 4.85e-05 | 1.1722 | 0.100091
  C0=0.1 u=0.16                | +0.1600 | +0.77 | 1.37e-04 (1.01e-04, 1.56e-04) | 3.64e-05 | -7.90e-06 | 6.24e-05 | 1.48e-04, 5.49e-05 | 1.1722 | 0.100117
  C0=0.1 u=0.18                | +0.1800 | +0.86 | 1.54e-04 (1.14e-04, 1.75e-04) | 4.09e-05 | -8.89e-06 | 7.00e-05 | 1.67e-04, 6.12e-05 | 1.1722 | 0.100145
  C0=0.1 u=0.21                | +0.2100 | +1.01 | 1.79e-04 (1.33e-04, 2.03e-04) | 4.74e-05 | -1.04e-05 | 8.12e-05 | 1.93e-04, 7.01e-05 | 1.1722 | 0.100194
  C0=0.1 u=0.25                | +0.2500 | +1.20 | 2.11e-04 (1.58e-04, 2.39e-04) | 5.58e-05 | -1.23e-05 | 9.59e-05 | 2.29e-04, 8.10e-05 | 1.1723 | 0.100269
  C0=0.1 u=0.30                | +0.3000 | +1.44 | 2.49e-04 (1.89e-04, 2.83e-04) | 6.56e-05 | -1.47e-05 | 1.13e-04 | 2.71e-04, 9.27e-05 | 1.1723 | 0.100368
  C0=0.1 u=0.40                | +0.4000 | +1.92 | 3.14e-04 (2.47e-04, 3.57e-04) | 8.06e-05 | -1.93e-05 | 1.45e-04 | 3.46e-04, 1.07e-04 | 1.1724 | 0.100498
  C0=0.3 u=0.10                | +0.1000 | +0.31 | 1.66e-04 (1.40e-04, 1.92e-04) | 3.76e-05 | -1.05e-05 | 7.67e-05 | 1.84e-04, 4.24e-05 | 1.1504 | 0.300060
  C0=0.3 u=0.15                | +0.1500 | +0.47 | 2.49e-04 (2.10e-04, 2.89e-04) | 5.67e-05 | -1.58e-05 | 1.15e-04 | 2.76e-04, 6.38e-05 | 1.1504 | 0.300097
  C0=0.3 u=0.19                | +0.1900 | +0.59 | 3.14e-04 (2.65e-04, 3.67e-04) | 7.22e-05 | -1.99e-05 | 1.45e-04 | 3.49e-04, 8.10e-05 | 1.1505 | 0.300122
  C0=0.3 u=0.23                | +0.2300 | +0.72 | 3.79e-04 (3.20e-04, 4.46e-04) | 8.78e-05 | -2.41e-05 | 1.75e-04 | 4.22e-04, 9.82e-05 | 1.1506 | 0.300131
  C0=0.3 u=0.27                | +0.2700 | +0.84 | 4.43e-04 (3.73e-04, 5.25e-04) | 1.03e-04 | -2.82e-05 | 2.04e-04 | 4.95e-04, 1.15e-04 | 1.1508 | 0.300109
  C0=0.3 u=0.31                | +0.3100 | +0.96 | 5.06e-04 (4.25e-04, 6.02e-04) | 1.18e-04 | -3.23e-05 | 2.33e-04 | 5.65e-04, 1.32e-04 | 1.1509 | 0.300039
  C0=0.3 u=0.36                | +0.3600 | +1.12 | 5.80e-04 (4.86e-04, 6.95e-04) | 1.35e-04 | -3.73e-05 | 2.68e-04 | 6.51e-04, 1.53e-04 | 1.1511 | 0.299867
  C0=0.3 u=0.45                | +0.4499 | +1.40 | 6.93e-04 (5.78e-04, 8.35e-04) | 1.54e-04 | -4.56e-05 | 3.29e-04 | 7.89e-04, 1.83e-04 | 1.1516 | 0.299339
  Spiegel C0=0.1 u=-0.25       | -0.2500 | -1.20 | -2.11e-04 (-1.58e-04, -2.39e-04) | 5.58e-05 | 1.23e-05 | 9.59e-05 | -2.29e-04, -8.10e-05 | 1.1723 | 0.100269
  lam=0 C0=0.1 u=0.25          | +0.2500 | +1.20 | 0.00e+00 (0.00e+00, 0.00e+00) | 0.00e+00 | -1.80e-18 | 0.00e+00 | 0.00e+00, 0.00e+00 | 1.1828 | 0.100269
  Medium allein u=0.25         | +0.2500 | +1.20 | 0.00e+00 (0.00e+00, 0.00e+00) | 0.00e+00 | 0.00e+00 | 0.00e+00 | 0.00e+00, 0.00e+00 | nan | 0.100269
  langsam C0=0.1 u=0.10        | +0.1000 | +0.48 | 9.01e-05 (8.46e-05, 9.79e-05) | 8.96e-06 | -5.85e-06 | 7.26e-05 | 1.01e-04, 5.63e-06 | 1.1720 | 0.100001
  Schwelle C0 = 0.1: Kraft schon beim kleinsten u = 0.05 (c_s = 0.2085)
  Schwelle C0 = 0.3: Kraft schon beim kleinsten u = 0.10 (c_s = 0.3216)
  L3 (Effekt >= 5 x Aenderung grob -> fein): 20 von 20 Kenngroessen bestanden
  Rechenzeit grob 8.3 s, fein 36.9 s

Ende 2026-09-30T03:45:07+02:00, Dauer 45.4 s, Torch-Speicher max nan MB, Fehler in: keine
