Runde 5 R5-A fitness Start 2026-09-30T00:24:12+00:00 auf CPU, 1 Faden, torch 2.5.1+cu121, Schiessen 256 x 5

Bio 19/34 Fitness und Waehrung (nur Auswertung der Tabelle tests1d_ergebnis_runde2.json).
  omega^2 | Q | E/Q | b = 1 - E/Q | 1 - omega | E/Q - omega | (E/Q - omega_c) Q^(1/3) / C_DW
  0.51 | 2.16812e+06 | 0.71773 | +0.28227 | 0.28586 | 0.00358 | 1.0129
  0.52 | 2.80336e+05 | 0.72836 | +0.27164 | 0.27889 | 0.00725 | 1.0250
  0.53 | 8.58562e+04 | 0.73899 | +0.26101 | 0.27199 | 0.01098 | 1.0364
  0.54 | 3.74130e+04 | 0.74959 | +0.25041 | 0.26515 | 0.01474 | 1.0470
  0.55 | 1.97733e+04 | 0.76015 | +0.23985 | 0.25838 | 0.01853 | 1.0569
  0.56 | 1.18049e+04 | 0.77065 | +0.22935 | 0.25167 | 0.02232 | 1.0662
  0.57 | 7.66485e+03 | 0.78109 | +0.21891 | 0.24502 | 0.02610 | 1.0748
  0.58 | 5.29157e+03 | 0.79144 | +0.20856 | 0.23842 | 0.02986 | 1.0829
  0.59 | 3.82804e+03 | 0.80170 | +0.19830 | 0.23189 | 0.03358 | 1.0904
  0.60 | 2.87318e+03 | 0.81185 | +0.18815 | 0.22540 | 0.03725 | 1.0973
  0.61 | 2.22162e+03 | 0.82189 | +0.17811 | 0.21898 | 0.04086 | 1.1036
  0.62 | 1.76049e+03 | 0.83180 | +0.16820 | 0.21260 | 0.04440 | 1.1095
  0.63 | 1.42409e+03 | 0.84158 | +0.15842 | 0.20627 | 0.04785 | 1.1148
  0.64 | 1.17234e+03 | 0.85121 | +0.14879 | 0.20000 | 0.05121 | 1.1197
  0.65 | 9.79782e+02 | 0.86069 | +0.13931 | 0.19377 | 0.05446 | 1.1241
  0.66 | 8.29704e+02 | 0.87000 | +0.13000 | 0.18760 | 0.05760 | 1.1279
  0.67 | 7.10802e+02 | 0.87914 | +0.12086 | 0.18146 | 0.06061 | 1.1314
  0.68 | 6.15238e+02 | 0.88810 | +0.11190 | 0.17538 | 0.06348 | 1.1344
  0.69 | 5.37450e+02 | 0.89687 | +0.10313 | 0.16934 | 0.06620 | 1.1369
  0.70 | 4.73413e+02 | 0.90543 | +0.09457 | 0.16334 | 0.06877 | 1.1390
  0.71 | 4.20165e+02 | 0.91378 | +0.08622 | 0.15739 | 0.07116 | 1.1407
  0.72 | 3.75490e+02 | 0.92190 | +0.07810 | 0.15147 | 0.07337 | 1.1419
  0.73 | 3.37703e+02 | 0.92979 | +0.07021 | 0.14560 | 0.07539 | 1.1427
  0.74 | 3.05514e+02 | 0.93744 | +0.06256 | 0.13977 | 0.07720 | 1.1431
  0.75 | 2.77915e+02 | 0.94482 | +0.05518 | 0.13397 | 0.07880 | 1.1431
  0.76 | 2.54116e+02 | 0.95194 | +0.04806 | 0.12822 | 0.08016 | 1.1427
  0.77 | 2.33491e+02 | 0.95877 | +0.04123 | 0.12250 | 0.08127 | 1.1420
  0.78 | 2.15538e+02 | 0.96531 | +0.03469 | 0.11682 | 0.08213 | 1.1408
  0.79 | 1.99853e+02 | 0.97154 | +0.02846 | 0.11118 | 0.08272 | 1.1393
  0.80 | 1.86110e+02 | 0.97744 | +0.02256 | 0.10557 | 0.08302 | 1.1374
  0.81 | 1.74040e+02 | 0.98301 | +0.01699 | 0.10000 | 0.08301 | 1.1351
  0.82 | 1.63426e+02 | 0.98823 | +0.01177 | 0.09446 | 0.08269 | 1.1326
  0.83 | 1.54091e+02 | 0.99307 | +0.00693 | 0.08896 | 0.08203 | 1.1297
  0.84 | 1.45891e+02 | 0.99753 | +0.00247 | 0.08348 | 0.08102 | 1.1266
  0.85 | 1.38708e+02 | 1.00159 | -0.00159 | 0.07805 | 0.07964 | 1.1233
  0.86 | 1.32451e+02 | 1.00523 | -0.00523 | 0.07264 | 0.07787 | 1.1198
  0.87 | 1.27052e+02 | 1.00843 | -0.00843 | 0.06726 | 0.07569 | 1.1162
  0.88 | 1.22462e+02 | 1.01117 | -0.01117 | 0.06192 | 0.07308 | 1.1127
  0.89 | 1.18658e+02 | 1.01343 | -0.01343 | 0.05660 | 0.07003 | 1.1092
  0.90 | 1.15642e+02 | 1.01519 | -0.01519 | 0.05132 | 0.06650 | 1.1060
  0.91 | 1.13448e+02 | 1.01643 | -0.01643 | 0.04606 | 0.06249 | 1.1034
  0.92 | 1.12154e+02 | 1.01712 | -0.01712 | 0.04083 | 0.05795 | 1.1017
  0.93 | 1.11909e+02 | 1.01725 | -0.01725 | 0.03563 | 0.05288 | 1.1013
  0.94 | 1.12971e+02 | 1.01678 | -0.01678 | 0.03046 | 0.04724 | 1.1031
  0.95 | 1.15807e+02 | 1.01569 | -0.01569 | 0.02532 | 0.04101 | 1.1084
  0.96 | 1.21306e+02 | 1.01396 | -0.01396 | 0.02020 | 0.03417 | 1.1193
  0.97 | 1.31384e+02 | 1.01156 | -0.01156 | 0.01511 | 0.02667 | 1.1405
  0.98 | 1.51094e+02 | 1.00845 | -0.00845 | 0.01005 | 0.01850 | 1.1827
  0.99 | 2.00848e+02 | 1.00461 | -0.00461 | 0.00501 | 0.00962 | 1.2838
  Q-Fenster: kein Ball unter Q_min = 111.844 (omega^2 0.9269); metastabil (VK-stabil, E > Q) bis Q_abs = 141.48 (omega^2 0.8461); darueber E < Q.
  Monotonie E/Q(Q): Verstoesse duenn 0, dick 0; min (E/Q - omega) 3.584e-03; dicker Ast mit E < Q bei []
  Fusion auf dem duennen Ast: Q1 | Q2 | dE = E(Q1) + E(Q2) - E(Q1+Q2) | dE/Q1 | dE/(E1+E2) | omega(Q1) | omega(Q2)
  120 | 120 | 1.3457e+01 | 0.1121 | 5.537e-02 | 0.9415 | 0.9415
  120 | 150 | 1.5083e+01 | 0.1257 | 5.570e-02 | 0.9415 | 0.9137
  120 | 200 | 1.6962e+01 | 0.1414 | 5.371e-02 | 0.9415 | 0.8888
  120 | 300 | 1.9373e+01 | 0.1614 | 4.805e-02 | 0.9415 | 0.8613
  120 | 500 | 2.2058e+01 | 0.1838 | 3.854e-02 | 0.9415 | 0.8341
  120 | 1000 | 2.5066e+01 | 0.2089 | 2.555e-02 | 0.9415 | 0.8055
  120 | 3000 | 2.8606e+01 | 0.2384 | 1.121e-02 | 0.9415 | 0.7736
  120 | 10000 | 3.1472e+01 | 0.2623 | 4.000e-03 | 0.9415 | 0.7509
  120 | 100000 | 3.4079e+01 | 0.2840 | 4.612e-04 | 0.9415 | 0.7271
  120 | 1000000 | 3.5528e+01 | 0.2961 | 4.922e-05 | 0.9415 | 0.7168
  150 | 150 | 1.6924e+01 | 0.1128 | 5.668e-02 | 0.9137 | 0.9137
  150 | 200 | 1.9090e+01 | 0.1273 | 5.556e-02 | 0.9137 | 0.8888
  150 | 300 | 2.1907e+01 | 0.1460 | 5.084e-02 | 0.9137 | 0.8613
  150 | 500 | 2.5111e+01 | 0.1674 | 4.184e-02 | 0.9137 | 0.8341
  150 | 1000 | 2.8839e+01 | 0.1923 | 2.858e-02 | 0.9137 | 0.8055
  150 | 3000 | 3.3181e+01 | 0.2212 | 1.286e-02 | 0.9137 | 0.7736
  150 | 10000 | 3.6742e+01 | 0.2449 | 4.653e-03 | 0.9137 | 0.7509
  150 | 100000 | 3.9996e+01 | 0.2666 | 5.411e-04 | 0.9137 | 0.7271
  150 | 1000000 | 4.1808e+01 | 0.2787 | 5.791e-05 | 0.9137 | 0.7168
  200 | 200 | 2.1659e+01 | 0.1083 | 5.574e-02 | 0.8888 | 0.8888
  200 | 300 | 2.5082e+01 | 0.1254 | 5.270e-02 | 0.8888 | 0.8613
  200 | 500 | 2.9100e+01 | 0.1455 | 4.510e-02 | 0.8888 | 0.8341
  200 | 1000 | 3.3838e+01 | 0.1692 | 3.211e-02 | 0.8888 | 0.8055
  200 | 3000 | 3.9540e+01 | 0.1977 | 1.506e-02 | 0.8888 | 0.7736
  200 | 10000 | 4.4244e+01 | 0.2212 | 5.572e-03 | 0.8888 | 0.7509
  200 | 100000 | 4.8570e+01 | 0.2428 | 6.567e-04 | 0.8888 | 0.7271
  200 | 1000000 | 5.0985e+01 | 0.2549 | 7.062e-05 | 0.8888 | 0.7168
  300 | 300 | 2.9477e+01 | 0.0983 | 5.233e-02 | 0.8613 | 0.8613
  300 | 500 | 3.4801e+01 | 0.1160 | 4.751e-02 | 0.8613 | 0.8341
  300 | 1000 | 4.1346e+01 | 0.1378 | 3.623e-02 | 0.8613 | 0.8055
  300 | 3000 | 4.9690e+01 | 0.1656 | 1.832e-02 | 0.8613 | 0.7736
  300 | 10000 | 5.6615e+01 | 0.1887 | 7.052e-03 | 0.8613 | 0.7509
  300 | 100000 | 6.3070e+01 | 0.2102 | 8.518e-04 | 0.8613 | 0.7271
  300 | 1000000 | 6.6691e+01 | 0.2223 | 9.237e-05 | 0.8613 | 0.7168
  500 | 500 | 4.2131e+01 | 0.0843 | 4.672e-02 | 0.8341 | 0.8341
  500 | 1000 | 5.1705e+01 | 0.1034 | 3.945e-02 | 0.8341 | 0.8055
  500 | 3000 | 6.4802e+01 | 0.1296 | 2.249e-02 | 0.8341 | 0.7736
  500 | 10000 | 7.5918e+01 | 0.1518 | 9.261e-03 | 0.8341 | 0.7509
  500 | 100000 | 8.6563e+01 | 0.1731 | 1.166e-03 | 0.8341 | 0.7271
  500 | 1000000 | 9.2595e+01 | 0.1852 | 1.282e-04 | 0.8341 | 0.7168
  1000 | 1000 | 6.6489e+01 | 0.0665 | 3.867e-02 | 0.8055 | 0.8055
  1000 | 3000 | 8.9359e+01 | 0.0894 | 2.716e-02 | 0.8055 | 0.7736
  1000 | 10000 | 1.1028e+02 | 0.1103 | 1.281e-02 | 0.8055 | 0.7509
  1000 | 100000 | 1.3102e+02 | 0.1310 | 1.756e-03 | 0.8055 | 0.7271
  1000 | 1000000 | 1.4306e+02 | 0.1431 | 1.980e-04 | 0.8055 | 0.7168
  3000 | 3000 | 1.3436e+02 | 0.0448 | 2.764e-02 | 0.7736 | 0.7736
  3000 | 10000 | 1.8463e+02 | 0.0615 | 1.814e-02 | 0.7736 | 0.7509
  3000 | 100000 | 2.4545e+02 | 0.0818 | 3.221e-03 | 0.7736 | 0.7271
  3000 | 1000000 | 2.8133e+02 | 0.0938 | 3.885e-04 | 0.7736 | 0.7168
  10000 | 10000 | 2.9403e+02 | 0.0294 | 1.898e-02 | 0.7509 | 0.7509
  10000 | 100000 | 4.6458e+02 | 0.0465 | 5.700e-03 | 0.7509 | 0.7271
  10000 | 1000000 | 5.8134e+02 | 0.0581 | 7.969e-04 | 0.7509 | 0.7168
  100000 | 100000 | 1.2449e+03 | 0.0124 | 8.439e-03 | 0.7271 | 0.7271
  100000 | 1000000 | 2.1317e+03 | 0.0213 | 2.680e-03 | 0.7271 | 0.7168
  1000000 | 1000000 | 7.2061e+03 | 0.0072 | 4.992e-03 | 0.7168 | 0.7168
  Fusion alle positiv: True; Ladung fliesst immer vom kleineren zum groesseren Ball (omega(Q1) >= omega(Q2)): True

Ende 2026-09-30T00:24:12+00:00, Dauer 0.0 s, Torch-Speicher max nan MB, Fehler: keine
