Runde 7 bic2 barriere Start 2026-09-30T09:32:06+00:00, Geraet cpu, torch 2.5.1+cu121
=== barriere dim = 2.0, beta = 0.5, h = 0.02, omega^2 = 0.647 .. 0.699 (14 Werte)
  omega^2 | S0 | dp(S0) | c(eps)^2 | B | Q | Virialrest
  0.6470 | 0.993345 | 1.466926 | 0.741803 | +0.725123 | 35.8615 | -2.65e-07
  0.6510 | 0.984261 | 1.422420 | 0.743458 | +0.678963 | 34.4983 | -2.79e-07
  0.6550 | 0.974791 | 1.376814 | 0.745114 | +0.631699 | 33.2423 | -2.93e-07
  0.6590 | 0.964965 | 1.330347 | 0.746773 | +0.583574 | 32.0827 | -3.07e-07
  0.6630 | 0.954812 | 1.283250 | 0.748433 | +0.534818 | 31.0099 | -3.21e-07
  0.6670 | 0.944363 | 1.235742 | 0.750095 | +0.485648 | 30.0154 | -3.34e-07
  0.6710 | 0.933643 | 1.188027 | 0.751758 | +0.436269 | 29.0917 | -3.46e-07
  0.6750 | 0.922678 | 1.140295 | 0.753424 | +0.386871 | 28.2323 | -3.58e-07
  0.6790 | 0.911494 | 1.092721 | 0.755091 | +0.337629 | 27.4311 | -3.70e-07
  0.6830 | 0.900114 | 1.045466 | 0.756761 | +0.288705 | 26.6831 | -3.80e-07
  0.6870 | 0.888558 | 0.998676 | 0.758432 | +0.240244 | 25.9834 | -3.91e-07
  0.6910 | 0.876847 | 0.952485 | 0.760105 | +0.192380 | 25.3279 | -4.00e-07
  0.6950 | 0.865000 | 0.907013 | 0.761780 | +0.145233 | 24.7128 | -4.09e-07
  0.6990 | 0.853034 | 0.862366 | 0.763457 | +0.098909 | 24.1349 | -4.17e-07
  x_B = 0.699 (zusammenhaengend von unten: 0.699)
Ende 2026-09-30T09:35:49+00:00, 222.4 s; entfallen: nichts
