Runde 7 R5F fuettern Start 2026-09-30T02:41:16+00:00 auf Quadro P4000, torch 2.5.1+cu121, Stufe beide, Teil raster70, T None, nur-auswertung False

(b) fuettern, Teil raster70: Box +-320.0 (Schwamm ab 280.0), Paketmitte startet bei x0 = -150.0, Messung alle 0.5, Fenster |x| < 20 (Ort: 10 und 40).
  C_nach = [Q20(Ball+Paket) - Q20(Ball) - Q20(Paket)] / |Q_Paket| im Fenster [t_nach, t_nach + 20], t_nach = Ankunft der Paketmitte + (4 sigma + 20)/v_g + 10;
  C_R5 = dasselbe im Fenster der Runde 5 (163 bis 188 nach Ankunft); kappa = Abklingrate von dQ20 in [t_nach, t_nach + 200]; R, T aus den Fluessen bei x = -40 / +40;
  Bilanz_Q = [Int (j(-40) - j(+40)) dt - dQ40] / Q_Paket (muss ~0 sein); nu_r = omega + Re rho (1D-Pol aus RUNDE-06): 0,55 -> 2,1183, 0,70 -> 2,3305.
  [grob]
  Lauf | ueber | C_nach | C_R5 | C_Ende | kappa (2 Gamma_1D) | dE/dQ (omega) | Ort 10/20, 40/20 | R | T | Bilanz Q, E | Atmung Omega (Amp) | x Ende | born | plaus
  w2=0.7 nu=1.9 eps=0.01 sigma=8.0   | False | +3.249e-09 | -5.330e-06 | -8.05e-06 | nan (1.3e-04) | 384.124 (0.8367) | -44274.511, -11765.145 | 0.0000 | 1.0000 | +8.6e-09, +1.1e-07 | 0.1637 (8.4e-06), 1.4944 (5.1e-07) | +0.000 | 0.00e+00 | ok
  w2=0.7 nu=1.925 eps=0.01 sigma=8.0 | False | -4.425e-07 | -5.945e-06 | -8.54e-06 | nan (1.3e-04) | -1.635 (0.8367) | 311.356, 84.082 | 0.0000 | 1.0000 | +8.3e-09, +2.4e-07 | 0.1636 (8.4e-06), 1.4930 (1.7e-06) | +0.000 | 0.00e+00 | ok
  w2=0.7 nu=1.95 eps=0.01 sigma=8.0  | False | -1.072e-06 | -6.611e-06 | -9.05e-06 | nan (1.3e-04) | 0.205 (0.8367) | 126.703, 28.042 | 0.0000 | 1.0000 | +7.8e-09, +5.1e-07 | 0.1636 (8.4e-06), 1.4928 (4.0e-06) | +0.000 | 0.00e+00 | ok
  w2=0.7 nu=1.975 eps=0.01 sigma=8.0 | False | -1.905e-06 | -7.427e-06 | -9.68e-06 | nan (1.3e-04) | 0.860 (0.8367) | 69.990, 13.332 | 0.0000 | 1.0000 | +7.2e-09, +1.1e-06 | 1.4945 (9.2e-06), 0.1636 (8.3e-06) | +0.000 | 0.00e+00 | ok
  w2=0.7 nu=2.0 eps=0.01 sigma=8.0   | False | -3.035e-06 | -8.483e-06 | -1.05e-05 | nan (1.3e-04) | 1.196 (0.8367) | 42.850, 7.446 | 0.0000 | 1.0000 | +6.5e-09, +2.2e-06 | 1.4942 (2.1e-05), 0.1636 (8.3e-06) | +0.000 | 0.00e+00 | ok
  w2=0.7 nu=2.025 eps=0.01 sigma=8.0 | False | -4.381e-06 | -9.712e-06 | -1.16e-05 | nan (1.3e-04) | 1.472 (0.8367) | 28.757, 4.846 | 0.0000 | 1.0000 | +5.6e-09, +4.1e-06 | 1.4932 (4.1e-05), 0.1637 (8.3e-06) | +0.000 | 0.00e+00 | ok
  w2=0.7 nu=2.05 eps=0.01 sigma=8.0  | False | -5.191e-06 | -1.039e-05 | -1.20e-05 | nan (1.3e-04) | 1.715 (0.8367) | 23.221, 3.895 | 0.0000 | 1.0000 | +4.5e-09, +7.4e-06 | 1.4927 (7.1e-05), 0.1638 (8.2e-06) | +0.000 | 0.00e+00 | ok
  w2=0.7 nu=2.075 eps=0.01 sigma=8.0 | False | -3.045e-06 | -8.022e-06 | -9.54e-06 | nan (1.3e-04) | 1.405 (0.8367) | 39.200, 4.256 | 0.0000 | 1.0000 | +3.2e-09, +1.3e-05 | 1.4932 (1.2e-04), 0.1639 (8.1e-06) | +0.000 | 0.00e+00 | ok
  w2=0.7 nu=2.1 eps=0.01 sigma=8.0   | False | +8.317e-06 | +3.387e-06 | +1.69e-06 | 6.56e-03 (1.3e-04) | 2.850 (0.8367) | -12.072, -0.126 | 0.0000 | 1.0000 | +1.6e-09, +2.0e-05 | 1.4945 (2.1e-04), 0.1640 (8.0e-06) | +0.000 | 0.00e+00 | ok
  w2=0.7 nu=2.125 eps=0.01 sigma=8.0 | False | +4.080e-05 | +3.565e-05 | +3.31e-05 | 8.30e-04 (1.3e-04) | 2.508 (0.8367) | -1.443, 0.772 | 0.0000 | 1.0000 | -1.4e-10, +3.1e-05 | 1.4939 (3.5e-04), 0.1642 (7.9e-06) | +0.000 | 0.00e+00 | ok
  w2=0.7 nu=2.15 eps=0.01 sigma=8.0  | False | +1.135e-04 | +1.077e-04 | +1.03e-04 | 3.52e-04 (1.3e-04) | 2.395 (0.8367) | 0.122, 0.942 | 0.0000 | 0.9999 | -1.9e-09, +4.4e-05 | 1.4934 (5.1e-04), 0.1643 (7.9e-06) | +0.000 | 0.00e+00 | ok
  w2=0.7 nu=2.175 eps=0.01 sigma=8.0 | False | +2.508e-04 | +2.434e-04 | +2.34e-04 | 2.25e-04 (1.3e-04) | 2.329 (0.8367) | 0.632, 0.972 | 0.0000 | 0.9998 | -3.3e-09, +6.1e-05 | 1.4927 (6.8e-04), 0.1646 (7.8e-06) | +0.000 | 0.00e+00 | ok
  w2=0.7 nu=2.2 eps=0.01 sigma=8.0   | False | +4.736e-04 | +4.635e-04 | +4.48e-04 | 1.79e-04 (1.3e-04) | 2.320 (0.8367) | 0.800, 0.992 | 0.0000 | 0.9995 | -4.1e-09, +7.9e-05 | 1.4929 (8.7e-04), 0.1648 (8.0e-06) | +0.000 | 0.00e+00 | ok
  w2=0.7 nu=2.225 eps=0.01 sigma=8.0 | False | +7.857e-04 | +7.717e-04 | +7.46e-04 | 1.60e-04 (1.3e-04) | 2.323 (0.8367) | 0.877, 1.000 | 0.0000 | 0.9992 | -4.0e-09, +9.8e-05 | 1.4939 (1.1e-03), 0.1649 (8.2e-06) | +0.000 | 0.00e+00 | ok
  w2=0.7 nu=2.25 eps=0.01 sigma=8.0  | False | +1.160e-03 | +1.141e-03 | +1.10e-03 | 1.51e-04 (1.3e-04) | 2.339 (0.8367) | 0.927, 1.002 | 0.0000 | 0.9989 | -3.1e-09, +1.1e-04 | 1.4945 (1.4e-03), 0.1651 (8.4e-06) | +0.000 | 0.00e+00 | ok
  w2=0.7 nu=2.275 eps=0.01 sigma=8.0 | False | +1.535e-03 | +1.511e-03 | +1.46e-03 | 1.47e-04 (1.3e-04) | 2.342 (0.8367) | 0.947, 1.003 | 0.0000 | 0.9985 | -1.6e-09, +1.3e-04 | 1.4941 (1.7e-03), 0.1652 (8.6e-06) | +0.000 | 0.00e+00 | ok
  w2=0.7 nu=2.3 eps=0.01 sigma=8.0   | False | +1.826e-03 | +1.798e-03 | +1.74e-03 | 1.44e-04 (1.3e-04) | 2.340 (0.8367) | 0.958, 1.003 | 0.0000 | 0.9982 | -1.3e-11, +1.4e-04 | 1.4936 (1.9e-03), 0.1652 (8.8e-06) | +0.000 | 0.00e+00 | ok
  w2=0.7 nu=2.325 eps=0.01 sigma=8.0 | False | +1.958e-03 | +1.929e-03 | +1.87e-03 | 1.43e-04 (1.3e-04) | 2.335 (0.8367) | 0.963, 1.002 | 0.0001 | 0.9981 | +1.1e-09, +1.4e-04 | 1.4931 (1.9e-03), 0.1653 (8.9e-06) | +0.000 | 0.00e+00 | ok
  w2=0.7 nu=2.35 eps=0.01 sigma=8.0  | False | +1.897e-03 | +1.869e-03 | +1.81e-03 | 1.43e-04 (1.3e-04) | 2.329 (0.8367) | 0.964, 1.001 | 0.0000 | 0.9981 | +1.5e-09, +1.3e-04 | 1.4928 (1.8e-03), 0.1653 (9.0e-06) | +0.000 | 0.00e+00 | ok
  w2=0.7 nu=2.375 eps=0.01 sigma=8.0 | False | +1.662e-03 | +1.637e-03 | +1.58e-03 | 1.43e-04 (1.3e-04) | 2.325 (0.8367) | 0.960, 1.001 | 0.0000 | 0.9984 | +1.2e-09, +1.2e-04 | 1.4928 (1.7e-03), 0.1654 (9.1e-06) | +0.000 | 0.00e+00 | ok
  w2=0.7 nu=2.4 eps=0.01 sigma=8.0   | False | +1.320e-03 | +1.300e-03 | +1.26e-03 | 1.43e-04 (1.3e-04) | 2.326 (0.8367) | 0.952, 1.001 | 0.0000 | 0.9987 | +4.7e-10, +1.1e-04 | 1.4934 (1.4e-03), 0.1654 (9.2e-06) | +0.000 | 0.00e+00 | ok
  w2=0.7 nu=2.425 eps=0.01 sigma=8.0 | False | +9.573e-04 | +9.426e-04 | +9.12e-04 | 1.42e-04 (1.3e-04) | 2.336 (0.8367) | 0.939, 1.002 | 0.0000 | 0.9991 | -3.7e-10, +9.2e-05 | 1.4944 (1.2e-03), 0.1654 (9.2e-06) | +0.000 | 0.00e+00 | ok
  w2=0.7 nu=2.45 eps=0.01 sigma=8.0  | False | +6.489e-04 | +6.390e-04 | +6.19e-04 | 1.35e-04 (1.3e-04) | 2.361 (0.8367) | 0.920, 1.003 | 0.0000 | 0.9994 | -1.1e-09, +7.4e-05 | 1.4945 (1.1e-03), 0.1655 (9.3e-06) | +0.000 | 0.00e+00 | ok
  w2=0.7 nu=2.475 eps=0.01 sigma=8.0 | False | +4.376e-04 | +4.318e-04 | +4.20e-04 | 1.12e-04 (1.3e-04) | 2.408 (0.8367) | 0.896, 1.002 | 0.0000 | 0.9996 | -1.9e-09, +5.6e-05 | 1.4943 (8.6e-04), 0.1655 (9.3e-06) | +0.000 | 0.00e+00 | ok
  w2=0.7 nu=2.5 eps=0.01 sigma=8.0   | False | +3.327e-04 | +3.306e-04 | +3.25e-04 | 5.61e-05 (1.3e-04) | 2.467 (0.8367) | 0.884, 0.996 | 0.0000 | 0.9997 | -2.9e-09, +4.1e-05 | 1.4938 (6.5e-04), 0.1655 (9.4e-06) | +0.000 | 0.00e+00 | ok
  w2=0.7 nu=2.525 eps=0.01 sigma=8.0 | False | +3.182e-04 | +3.200e-04 | +3.17e-04 | -2.45e-05 (1.3e-04) | 2.499 (0.8367) | 0.902, 0.982 | 0.0000 | 0.9997 | -4.5e-09, +2.8e-05 | 1.4933 (4.6e-04), 0.1655 (9.5e-06) | +0.000 | 0.00e+00 | ok
  w2=0.7 nu=2.55 eps=0.01 sigma=8.0  | False | +3.652e-04 | +3.719e-04 | +3.71e-04 | -9.68e-05 (1.3e-04) | 2.482 (0.8367) | 0.909, 0.967 | -0.0000 | 0.9996 | -6.8e-09, +1.8e-05 | 1.4933 (3.1e-04), 0.1655 (9.5e-06) | +0.000 | 0.00e+00 | ok
  w2=0.7 nu=2.575 eps=0.01 sigma=8.0 | False | +4.423e-04 | +4.557e-04 | +4.56e-04 | -1.56e-04 (1.3e-04) | 2.418 (0.8367) | 0.950, 0.945 | -0.0000 | 0.9995 | -9.8e-09, +1.1e-05 | 1.4929 (1.9e-04), 0.1654 (9.5e-06) | +0.000 | 0.00e+00 | ok
  w2=0.7 nu=2.6 eps=0.01 sigma=8.0   | False | +5.235e-04 | +5.452e-04 | +5.47e-04 | -2.08e-04 (1.3e-04) | 2.322 (0.8367) | 0.981, 0.918 | -0.0000 | 0.9995 | -1.3e-08, +5.8e-06 | 1.4927 (1.1e-04), 0.1654 (9.6e-06) | +0.000 | 0.00e+00 | ok
  w2=0.7 nu=2.625 eps=0.01 sigma=8.0 | False | +5.921e-04 | +6.232e-04 | +6.26e-04 | -2.57e-04 (1.3e-04) | 2.191 (0.8367) | 1.006, 0.884 | -0.0000 | 0.9994 | -1.6e-08, +2.6e-06 | 1.4931 (6.3e-05), 0.1654 (9.6e-06) | +0.000 | 0.00e+00 | ok
  w2=0.7 nu=2.65 eps=0.01 sigma=8.0  | False | +6.427e-04 | +6.821e-04 | +6.86e-04 | -2.94e-04 (1.3e-04) | 2.020 (0.8367) | 1.010, 0.843 | -0.0000 | 0.9993 | -1.9e-08, +7.0e-07 | 1.4931 (3.5e-05), 0.1654 (9.6e-06) | +0.000 | 0.00e+00 | ok
  w2=0.7 nu=2.675 eps=0.01 sigma=8.0 | True  | +6.767e-04 | +7.227e-04 | +7.27e-04 | -3.20e-04 (1.3e-04) | 1.819 (0.8367) | 1.027, 0.796 | -0.0000 | 0.9993 | -2.0e-08, -3.7e-07 | 1.4941 (1.8e-05), 0.1654 (9.7e-06) | +0.000 | 7.05e-03 | ok
  w2=0.7 nu=2.7 eps=0.01 sigma=8.0   | True  | +7.009e-04 | +7.497e-04 | +7.54e-04 | -3.22e-04 (1.3e-04) | 1.601 (0.8367) | 1.040, 0.748 | -0.0000 | 0.9993 | -1.9e-08, -9.1e-07 | 0.1654 (9.7e-06), 1.4945 (9.6e-06) | +0.000 | 2.04e-03 | ok
  w2=0.7 nu=2.725 eps=0.01 sigma=8.0 | True  | +7.220e-04 | +7.681e-04 | +7.73e-04 | -2.93e-04 (1.3e-04) | 1.389 (0.8367) | 1.029, 0.710 | -0.0000 | 0.9992 | -1.7e-08, -1.2e-06 | 0.1654 (9.7e-06), 1.8372 (4.5e-06) | +0.000 | 1.62e-03 | ok
  w2=0.7 nu=2.75 eps=0.01 sigma=8.0  | True  | +7.403e-04 | +7.808e-04 | +7.85e-04 | -2.49e-04 (1.3e-04) | 1.210 (0.8367) | 1.032, 0.684 | -0.0000 | 0.9992 | -1.4e-08, -1.3e-06 | 0.1653 (9.8e-06), 1.8367 (3.9e-06) | +0.000 | 1.45e-03 | ok
  w2=0.7 nu=2.775 eps=0.01 sigma=8.0 | True  | +7.566e-04 | +7.883e-04 | +7.91e-04 | -1.90e-04 (1.3e-04) | 1.071 (0.8367) | 1.015, 0.679 | -0.0000 | 0.9992 | -1.1e-08, -1.3e-06 | 0.1653 (9.8e-06), 1.8366 (3.3e-06) | +0.000 | 1.34e-03 | ok
  w2=0.7 nu=2.8 eps=0.01 sigma=8.0   | True  | +7.670e-04 | +7.900e-04 | +7.92e-04 | -1.37e-04 (1.3e-04) | 0.976 (0.8367) | 1.014, 0.687 | -0.0000 | 0.9992 | -8.6e-09, -1.3e-06 | 0.1653 (9.8e-06), 1.8365 (2.6e-06) | +0.000 | 1.26e-03 | ok
  w2=0.7 nu=1.9 eps=0.01 sigma=32.0  | False | +2.267e-07 | +2.243e-07 | +2.26e-07 | 1.66e-06 (1.3e-04) | 0.752 (0.8367) | -0.631, 0.974 | -0.0000 | 1.0000 | -6.9e-09, -6.1e-09 | 1.4933 (5.4e-07), 0.1626 (5.4e-08) | +0.000 | 0.00e+00 | ok
  w2=0.7 nu=1.925 eps=0.01 sigma=32.0 | False | +2.332e-06 | +2.326e-06 | +2.33e-06 | 3.10e-07 (1.3e-04) | 0.829 (0.8367) | 0.845, 0.997 | -0.0000 | 1.0000 | -6.9e-09, -6.5e-09 | 1.4926 (4.8e-07), 0.1626 (5.1e-08) | +0.000 | 0.00e+00 | ok
  w2=0.7 nu=1.95 eps=0.01 sigma=32.0 | False | +2.628e-06 | +2.625e-06 | +2.63e-06 | 1.99e-07 (1.3e-04) | 0.829 (0.8367) | 0.875, 0.998 | -0.0000 | 1.0000 | -6.9e-09, -6.6e-09 | 1.4949 (5.1e-07), 0.1626 (5.1e-08) | +0.000 | 0.00e+00 | ok
  w2=0.7 nu=1.975 eps=0.01 sigma=32.0 | False | +6.528e-07 | +6.505e-07 | +6.52e-07 | 1.09e-06 (1.3e-04) | 0.810 (0.8367) | 0.495, 0.992 | -0.0000 | 1.0000 | -6.9e-09, -6.5e-09 | 1.4929 (5.3e-07), 0.1627 (4.9e-08) | +0.000 | 0.00e+00 | ok
  w2=0.7 nu=2.0 eps=0.01 sigma=32.0  | False | +1.540e-06 | +1.537e-06 | +1.54e-06 | 6.66e-07 (1.3e-04) | 0.825 (0.8367) | 0.779, 0.997 | -0.0000 | 1.0000 | -6.9e-09, -6.7e-09 | 1.4933 (4.6e-07), 0.1629 (4.6e-08) | +0.000 | 0.00e+00 | ok
  w2=0.7 nu=2.025 eps=0.01 sigma=32.0 | False | +2.418e-06 | +2.416e-06 | +2.42e-06 | 8.61e-08 (1.3e-04) | 0.829 (0.8367) | 0.861, 0.997 | -0.0000 | 1.0000 | -6.9e-09, -6.9e-09 | 1.4946 (5.2e-07), 0.1633 (4.5e-08) | +0.000 | 0.00e+00 | ok
  w2=0.7 nu=2.05 eps=0.01 sigma=32.0 | False | +1.029e-06 | +1.027e-06 | +1.03e-06 | -4.88e-07 (1.3e-04) | 0.821 (0.8367) | 0.641, 0.997 | -0.0000 | 1.0000 | -6.9e-09, -6.7e-09 | 1.4926 (5.3e-07), 0.1638 (4.3e-08) | +0.000 | 0.00e+00 | ok
  w2=0.7 nu=2.075 eps=0.01 sigma=32.0 | False | +1.266e-06 | +1.264e-06 | +1.27e-06 | 4.27e-07 (1.3e-04) | 0.824 (0.8367) | 0.706, 0.997 | -0.0000 | 1.0000 | -7.0e-09, -6.9e-09 | 1.4928 (4.8e-07), 0.1642 (4.1e-08) | +0.000 | 0.00e+00 | ok
  w2=0.7 nu=2.1 eps=0.01 sigma=32.0  | False | +2.136e-06 | +2.135e-06 | +2.14e-06 | -1.13e-06 (1.3e-04) | 0.827 (0.8367) | 0.803, 0.998 | -0.0000 | 1.0000 | -7.0e-09, -5.9e-09 | 1.4948 (5.6e-07), 0.1650 (3.1e-08) | +0.000 | 0.00e+00 | ok
  w2=0.7 nu=2.125 eps=0.01 sigma=32.0 | False | +1.249e-06 | +1.248e-06 | +1.25e-06 | -2.43e-06 (1.3e-04) | 0.806 (0.8367) | 0.643, 1.018 | -0.0000 | 1.0000 | -6.9e-09, +1.2e-09 | 1.4935 (8.5e-07), 0.1653 (3.9e-08) | +0.000 | 0.00e+00 | ok
  w2=0.7 nu=2.15 eps=0.01 sigma=32.0 | False | +1.252e-06 | +1.247e-06 | +1.25e-06 | 9.10e-06 (1.3e-04) | 0.781 (0.8367) | 0.773, 1.023 | -0.0000 | 1.0000 | -6.9e-09, +1.6e-08 | 1.4924 (1.4e-06), 0.1654 (1.8e-07) | +0.000 | 0.00e+00 | ok
  w2=0.7 nu=2.175 eps=0.01 sigma=32.0 | False | +2.021e-06 | +2.020e-06 | +2.01e-06 | 1.12e-05 (1.3e-04) | 0.802 (0.8367) | 0.963, 1.012 | -0.0000 | 1.0000 | -6.9e-09, +2.0e-08 | 1.4936 (1.2e-06), 0.1658 (2.2e-07) | +0.000 | 0.00e+00 | ok
  w2=0.7 nu=2.2 eps=0.01 sigma=32.0  | False | +1.671e-06 | +1.668e-06 | +1.67e-06 | 9.08e-06 (1.3e-04) | 0.824 (0.8367) | 0.890, 1.005 | -0.0000 | 1.0000 | -7.0e-09, +1.4e-08 | 1.4949 (9.0e-07), 0.1663 (9.4e-08) | +0.000 | 0.00e+00 | ok
  w2=0.7 nu=2.225 eps=0.01 sigma=32.0 | False | +1.914e-06 | +1.914e-06 | +1.92e-06 | -4.12e-06 (1.3e-04) | 0.776 (0.8367) | 0.797, 0.996 | -0.0000 | 1.0000 | -7.0e-09, +1.4e-07 | 1.4938 (7.9e-06), 0.1621 (1.1e-08) | +0.000 | 0.00e+00 | ok
  w2=0.7 nu=2.25 eps=0.01 sigma=32.0 | False | +3.041e-06 | +3.040e-06 | +3.05e-06 | -1.63e-05 (1.3e-04) | 0.642 (0.8367) | 0.866, 0.999 | -0.0000 | 1.0000 | -7.2e-09, +2.3e-06 | 1.4925 (1.1e-04), 0.1661 (4.0e-08) | +0.000 | 0.00e+00 | ok
  w2=0.7 nu=2.275 eps=0.01 sigma=32.0 | False | +1.289e-04 | +1.291e-04 | +1.25e-04 | 1.29e-04 (1.3e-04) | 2.237 (0.8367) | 0.994, 1.003 | 0.0000 | 0.9999 | -8.2e-09, +1.9e-05 | 1.4930 (8.7e-04), 2.9878 (1.2e-07) | +0.000 | 0.00e+00 | ok
  w2=0.7 nu=2.3 eps=0.01 sigma=32.0  | False | +2.251e-03 | +2.253e-03 | +2.18e-03 | 1.35e-04 (1.3e-04) | 2.318 (0.8367) | 0.999, 1.003 | 0.0001 | 0.9978 | +1.2e-09, +7.2e-05 | 1.4949 (3.8e-03), 2.9860 (2.0e-06) | +0.000 | 0.00e+00 | ok
  w2=0.7 nu=2.325 eps=0.01 sigma=32.0 | False | +7.747e-03 | +7.756e-03 | +7.50e-03 | 1.36e-04 (1.3e-04) | 2.326 (0.8367) | 0.999, 1.003 | 0.0002 | 0.9923 | +3.5e-08, +1.2e-04 | 1.4945 (7.3e-03), 2.9880 (6.7e-06) | +0.100 | 0.00e+00 | ok
  w2=0.7 nu=2.35 eps=0.01 sigma=32.0 | False | +5.477e-03 | +5.483e-03 | +5.30e-03 | 1.36e-04 (1.3e-04) | 2.325 (0.8367) | 1.000, 1.003 | 0.0001 | 0.9946 | +2.1e-08, +1.0e-04 | 1.4933 (6.3e-03), 2.9866 (5.3e-06) | +0.000 | 0.00e+00 | ok
  w2=0.7 nu=2.375 eps=0.01 sigma=32.0 | False | +7.815e-04 | +7.823e-04 | +7.57e-04 | 1.34e-04 (1.3e-04) | 2.310 (0.8367) | 1.000, 1.003 | 0.0000 | 0.9992 | -6.1e-09, +4.2e-05 | 1.4927 (2.4e-03), 2.9859 (7.1e-07) | +0.000 | 0.00e+00 | ok
  w2=0.7 nu=2.4 eps=0.01 sigma=32.0  | False | +2.011e-05 | +2.012e-05 | +1.96e-05 | 1.07e-04 (1.3e-04) | 1.976 (0.8367) | 0.974, 1.004 | -0.0000 | 1.0000 | -7.7e-09, +7.3e-06 | 1.4926 (3.8e-04), 0.1658 (4.8e-08) | +0.000 | 0.00e+00 | ok
  w2=0.7 nu=2.425 eps=0.01 sigma=32.0 | False | +1.584e-06 | +1.585e-06 | +1.60e-06 | -3.53e-05 (1.3e-04) | 0.428 (0.8367) | 0.725, 1.001 | -0.0000 | 1.0000 | -7.1e-09, +5.0e-07 | 1.4939 (2.6e-05), 0.1649 (4.8e-08) | +0.000 | 0.00e+00 | ok
  w2=0.7 nu=2.45 eps=0.01 sigma=32.0 | False | +1.453e-06 | +1.453e-06 | +1.45e-06 | -2.80e-06 (1.3e-04) | 0.868 (0.8367) | 0.725, 0.990 | -0.0000 | 1.0000 | -7.0e-09, -9.6e-09 | 1.4948 (1.0e-06), 0.1651 (6.4e-08) | +0.000 | 0.00e+00 | ok
  w2=0.7 nu=2.475 eps=0.01 sigma=32.0 | False | +1.216e-06 | +1.217e-06 | +1.22e-06 | -1.88e-05 (1.3e-04) | 0.834 (0.8367) | 0.723, 0.998 | -0.0000 | 1.0000 | -7.0e-09, -4.7e-09 | 1.4943 (1.2e-07), 0.1651 (1.1e-07) | +0.000 | 0.00e+00 | ok
  w2=0.7 nu=2.5 eps=0.01 sigma=32.0  | False | +9.052e-07 | +9.048e-07 | +9.10e-07 | -3.37e-05 (1.3e-04) | 0.814 (0.8367) | 0.653, 0.979 | -0.0000 | 1.0000 | -7.0e-09, +2.0e-09 | 1.4937 (4.9e-07), 0.1648 (1.4e-07) | +0.000 | 0.00e+00 | ok
  w2=0.7 nu=2.525 eps=0.01 sigma=32.0 | False | +9.476e-07 | +9.469e-07 | +9.51e-07 | -2.22e-05 (1.3e-04) | 0.977 (0.8367) | 0.646, 0.989 | -0.0000 | 1.0000 | -7.0e-09, -1.5e-09 | 1.4930 (4.0e-07), 1.7771 (1.4e-07) | +0.000 | 0.00e+00 | ok
  w2=0.7 nu=2.55 eps=0.01 sigma=32.0 | False | +8.449e-06 | +8.452e-06 | +8.40e-06 | 2.36e-05 (1.3e-04) | 2.450 (0.8367) | 0.962, 1.000 | -0.0000 | 1.0000 | -7.0e-09, -2.7e-08 | 1.7767 (1.2e-06), 1.4925 (3.8e-07) | +0.000 | 0.00e+00 | ok
  w2=0.7 nu=2.575 eps=0.01 sigma=32.0 | False | +1.960e-04 | +1.960e-04 | +1.95e-04 | 2.69e-05 (1.3e-04) | 2.608 (0.8367) | 1.003, 1.000 | -0.0000 | 0.9998 | -6.7e-09, -5.5e-07 | 1.7783 (5.0e-06), 1.4937 (4.8e-07) | +0.000 | 0.00e+00 | ok
  w2=0.7 nu=2.6 eps=0.01 sigma=32.0  | False | +1.159e-03 | +1.159e-03 | +1.15e-03 | 2.69e-05 (1.3e-04) | 2.613 (0.8367) | 1.004, 1.001 | 0.0000 | 0.9988 | -5.7e-09, -3.2e-06 | 1.7724 (2.1e-06), 1.4951 (9.3e-07) | +0.000 | 0.00e+00 | ok
  w2=0.7 nu=2.625 eps=0.01 sigma=32.0 | False | +1.551e-03 | +1.551e-03 | +1.54e-03 | 2.52e-05 (1.3e-04) | 2.610 (0.8367) | 1.004, 1.000 | 0.0000 | 0.9985 | -8.4e-09, -4.2e-06 | 1.7828 (3.4e-06), 1.4952 (1.1e-06) | +0.000 | 0.00e+00 | ok
  w2=0.7 nu=2.65 eps=0.01 sigma=32.0 | False | +5.140e-04 | +5.137e-04 | +5.18e-04 | -4.59e-05 (1.3e-04) | 2.457 (0.8367) | 1.014, 0.966 | -0.0000 | 0.9995 | -2.9e-08, -1.4e-06 | 1.8381 (7.7e-06), 1.7780 (6.4e-06) | +0.000 | 0.00e+00 | ok
  w2=0.7 nu=2.675 eps=0.01 sigma=32.0 | True  | +3.425e-04 | +3.408e-04 | +3.66e-04 | -3.22e-04 (1.3e-04) | 1.133 (0.8367) | 1.064, 0.730 | -0.0000 | 0.9997 | -6.3e-08, -5.9e-07 | 1.8387 (1.3e-05), 1.7792 (2.4e-06) | +0.000 | 7.05e-03 | ok
  w2=0.7 nu=2.7 eps=0.01 sigma=32.0  | True  | +6.989e-04 | +6.973e-04 | +7.16e-04 | -1.13e-04 (1.3e-04) | 0.886 (0.8367) | 1.023, 0.806 | -0.0000 | 0.9993 | -4.4e-08, -1.0e-06 | 1.8380 (1.0e-05), 1.4935 (6.1e-07) | +0.000 | 2.04e-03 | ok
  w2=0.7 nu=2.725 eps=0.01 sigma=32.0 | True  | +8.685e-04 | +8.682e-04 | +8.71e-04 | -1.29e-05 (1.3e-04) | 0.842 (0.8367) | 1.003, 0.935 | -0.0000 | 0.9992 | -1.3e-08, -1.3e-06 | 1.8368 (3.5e-06), 1.4929 (6.4e-07) | +0.000 | 1.62e-03 | ok
  w2=0.7 nu=2.75 eps=0.01 sigma=32.0 | True  | +8.814e-04 | +8.814e-04 | +8.81e-04 | -3.34e-07 (1.3e-04) | 0.837 (0.8367) | 1.000, 0.992 | -0.0000 | 0.9991 | -7.2e-09, -1.3e-06 | 1.4927 (6.2e-07), 1.8356 (5.4e-07) | +0.000 | 1.45e-03 | ok
  w2=0.7 nu=2.775 eps=0.01 sigma=32.0 | True  | +8.627e-04 | +8.627e-04 | +8.63e-04 | -5.68e-09 (1.3e-04) | 0.837 (0.8367) | 1.000, 1.000 | -0.0000 | 0.9991 | -7.0e-09, -1.3e-06 | 1.4932 (5.8e-07), 0.1637 (4.9e-08) | +0.000 | 1.34e-03 | ok
  w2=0.7 nu=2.8 eps=0.01 sigma=32.0  | True  | +8.396e-04 | +8.396e-04 | +8.40e-04 | -4.28e-09 (1.3e-04) | 0.837 (0.8367) | 1.000, 1.000 | -0.0000 | 0.9992 | -7.0e-09, -1.3e-06 | 1.4932 (5.8e-07), 0.1637 (4.9e-08) | +0.000 | 1.26e-03 | ok
  Raster w2 = 0.7, sigma = 8.0: Spitze unter der Schwelle bei nu = 2.3296 (Vorhersage 2.3305, Abweichung -0.0009), C = 1.958e-03, FWHM 0.186; kleinstes C zwischen Spitze + 0,1 und Schwelle 3.18e-04; erster Wert ueber der Schwelle (2.673) 6.767e-04
    nu: C_nach | kappa | dE/dQ -> 1.900: 3.25e-09 | nan | 384.12; 1.925: -4.43e-07 | nan | -1.64; 1.950: -1.07e-06 | nan | 0.20; 1.975: -1.90e-06 | nan | 0.86; 2.000: -3.04e-06 | nan | 1.20; 2.025: -4.38e-06 | nan | 1.47; 2.050: -5.19e-06 | nan | 1.71; 2.075: -3.05e-06 | nan | 1.40; 2.100: 8.32e-06 | 6.6e-03 | 2.85; 2.125: 4.08e-05 | 8.3e-04 | 2.51; 2.150: 1.14e-04 | 3.5e-04 | 2.40; 2.175: 2.51e-04 | 2.2e-04 | 2.33; 2.200: 4.74e-04 | 1.8e-04 | 2.32; 2.225: 7.86e-04 | 1.6e-04 | 2.32; 2.250: 1.16e-03 | 1.5e-04 | 2.34; 2.275: 1.53e-03 | 1.5e-04 | 2.34; 2.300: 1.83e-03 | 1.4e-04 | 2.34; 2.325: 1.96e-03 | 1.4e-04 | 2.33; 2.350: 1.90e-03 | 1.4e-04 | 2.33; 2.375: 1.66e-03 | 1.4e-04 | 2.33; 2.400: 1.32e-03 | 1.4e-04 | 2.33; 2.425: 9.57e-04 | 1.4e-04 | 2.34; 2.450: 6.49e-04 | 1.4e-04 | 2.36; 2.475: 4.38e-04 | 1.1e-04 | 2.41; 2.500: 3.33e-04 | 5.6e-05 | 2.47; 2.525: 3.18e-04 | -2.5e-05 | 2.50; 2.550: 3.65e-04 | -9.7e-05 | 2.48; 2.575: 4.42e-04 | -1.6e-04 | 2.42; 2.600: 5.23e-04 | -2.1e-04 | 2.32; 2.625: 5.92e-04 | -2.6e-04 | 2.19; 2.650: 6.43e-04 | -2.9e-04 | 2.02; 2.675: 6.77e-04 | -3.2e-04 | 1.82; 2.700: 7.01e-04 | -3.2e-04 | 1.60; 2.725: 7.22e-04 | -2.9e-04 | 1.39; 2.750: 7.40e-04 | -2.5e-04 | 1.21; 2.775: 7.57e-04 | -1.9e-04 | 1.07; 2.800: 7.67e-04 | -1.4e-04 | 0.98
  Raster w2 = 0.7, sigma = 32.0: Spitze unter der Schwelle bei nu = 2.3302 (Vorhersage 2.3305, Abweichung -0.0003), C = 7.747e-03, FWHM 0.051; kleinstes C zwischen Spitze + 0,1 und Schwelle 9.05e-07; erster Wert ueber der Schwelle (2.673) 3.425e-04
    nu: C_nach | kappa | dE/dQ -> 1.900: 2.27e-07 | 1.7e-06 | 0.75; 1.925: 2.33e-06 | 3.1e-07 | 0.83; 1.950: 2.63e-06 | 2.0e-07 | 0.83; 1.975: 6.53e-07 | 1.1e-06 | 0.81; 2.000: 1.54e-06 | 6.7e-07 | 0.83; 2.025: 2.42e-06 | 8.6e-08 | 0.83; 2.050: 1.03e-06 | -4.9e-07 | 0.82; 2.075: 1.27e-06 | 4.3e-07 | 0.82; 2.100: 2.14e-06 | -1.1e-06 | 0.83; 2.125: 1.25e-06 | -2.4e-06 | 0.81; 2.150: 1.25e-06 | 9.1e-06 | 0.78; 2.175: 2.02e-06 | 1.1e-05 | 0.80; 2.200: 1.67e-06 | 9.1e-06 | 0.82; 2.225: 1.91e-06 | -4.1e-06 | 0.78; 2.250: 3.04e-06 | -1.6e-05 | 0.64; 2.275: 1.29e-04 | 1.3e-04 | 2.24; 2.300: 2.25e-03 | 1.3e-04 | 2.32; 2.325: 7.75e-03 | 1.4e-04 | 2.33; 2.350: 5.48e-03 | 1.4e-04 | 2.33; 2.375: 7.81e-04 | 1.3e-04 | 2.31; 2.400: 2.01e-05 | 1.1e-04 | 1.98; 2.425: 1.58e-06 | -3.5e-05 | 0.43; 2.450: 1.45e-06 | -2.8e-06 | 0.87; 2.475: 1.22e-06 | -1.9e-05 | 0.83; 2.500: 9.05e-07 | -3.4e-05 | 0.81; 2.525: 9.48e-07 | -2.2e-05 | 0.98; 2.550: 8.45e-06 | 2.4e-05 | 2.45; 2.575: 1.96e-04 | 2.7e-05 | 2.61; 2.600: 1.16e-03 | 2.7e-05 | 2.61; 2.625: 1.55e-03 | 2.5e-05 | 2.61; 2.650: 5.14e-04 | -4.6e-05 | 2.46; 2.675: 3.43e-04 | -3.2e-04 | 1.13; 2.700: 6.99e-04 | -1.1e-04 | 0.89; 2.725: 8.68e-04 | -1.3e-05 | 0.84; 2.750: 8.81e-04 | -3.3e-07 | 0.84; 2.775: 8.63e-04 | -5.7e-09 | 0.84; 2.800: 8.40e-04 | -4.3e-09 | 0.84
  [fein]
  Lauf | ueber | C_nach | C_R5 | C_Ende | kappa (2 Gamma_1D) | dE/dQ (omega) | Ort 10/20, 40/20 | R | T | Bilanz Q, E | Atmung Omega (Amp) | x Ende | born | plaus
  w2=0.7 nu=1.9 eps=0.01 sigma=8.0   | False | -2.701e-07 | -3.293e-06 | -4.73e-06 | nan (1.3e-04) | -2.047 (0.8367) | 525.295, 123.049 | 0.0000 | 1.0000 | +1.9e-09, +3.2e-08 | 0.1636 (8.4e-06), 1.4945 (6.0e-07) | +0.000 | 0.00e+00 | ok
  w2=0.7 nu=1.925 eps=0.01 sigma=8.0 | False | -4.141e-07 | -3.546e-06 | -4.98e-06 | nan (1.3e-04) | -0.959 (0.8367) | 329.350, 76.332 | 0.0000 | 1.0000 | +1.9e-09, +6.4e-08 | 0.1635 (8.4e-06), 1.4931 (1.8e-06) | +0.000 | 0.00e+00 | ok
  w2=0.7 nu=1.95 eps=0.01 sigma=8.0  | False | -6.377e-07 | -3.813e-06 | -5.21e-06 | nan (1.3e-04) | -0.144 (0.8367) | 210.858, 38.962 | 0.0000 | 1.0000 | +1.8e-09, +1.4e-07 | 0.1635 (8.4e-06), 1.4930 (4.2e-06) | +0.000 | 0.00e+00 | ok
  w2=0.7 nu=1.975 eps=0.01 sigma=8.0 | False | -8.810e-07 | -4.085e-06 | -5.45e-06 | nan (1.3e-04) | 0.330 (0.8367) | 149.559, 22.982 | 0.0000 | 1.0000 | +1.7e-09, +2.8e-07 | 1.4946 (9.6e-06), 0.1635 (8.4e-06) | +0.000 | 0.00e+00 | ok
  w2=0.7 nu=2.0 eps=0.01 sigma=8.0   | False | -1.076e-06 | -4.282e-06 | -5.62e-06 | nan (1.3e-04) | 0.512 (0.8367) | 119.092, 15.883 | 0.0000 | 1.0000 | +1.6e-09, +5.5e-07 | 1.4943 (2.2e-05), 0.1635 (8.3e-06) | +0.000 | 0.00e+00 | ok
  w2=0.7 nu=2.025 eps=0.01 sigma=8.0 | False | -8.754e-07 | -4.075e-06 | -5.39e-06 | nan (1.3e-04) | -0.028 (0.8367) | 140.600, 16.650 | 0.0000 | 1.0000 | +1.4e-09, +1.0e-06 | 1.4933 (4.3e-05), 0.1636 (8.3e-06) | +0.000 | 0.00e+00 | ok
  w2=0.7 nu=2.05 eps=0.01 sigma=8.0  | False | +8.687e-07 | -2.345e-06 | -3.66e-06 | nan (1.3e-04) | 4.501 (0.8367) | -133.222, -12.931 | 0.0000 | 1.0000 | +1.2e-09, +1.8e-06 | 1.4928 (7.3e-05), 0.1637 (8.2e-06) | +0.000 | 0.00e+00 | ok
  w2=0.7 nu=2.075 eps=0.01 sigma=8.0 | False | +7.146e-06 | +3.948e-06 | +2.47e-06 | 4.30e-03 (1.3e-04) | 2.570 (0.8367) | -15.468, -0.103 | 0.0000 | 1.0000 | +9.0e-10, +3.1e-06 | 1.4934 (1.2e-04), 0.1637 (8.1e-06) | +0.000 | 0.00e+00 | ok
  w2=0.7 nu=2.1 eps=0.01 sigma=8.0   | False | +2.485e-05 | +2.147e-05 | +1.95e-05 | 9.60e-04 (1.3e-04) | 2.403 (0.8367) | -3.470, 0.706 | 0.0000 | 1.0000 | +5.8e-10, +4.9e-06 | 1.4947 (2.1e-04), 0.1639 (8.0e-06) | +0.000 | 0.00e+00 | ok
  w2=0.7 nu=2.125 eps=0.01 sigma=8.0 | False | +6.656e-05 | +6.268e-05 | +5.94e-05 | 4.15e-04 (1.3e-04) | 2.368 (0.8367) | -0.548, 0.892 | 0.0000 | 0.9999 | +3.0e-10, +7.5e-06 | 1.4940 (3.5e-04), 0.1640 (7.9e-06) | +0.000 | 0.00e+00 | ok
  w2=0.7 nu=2.15 eps=0.01 sigma=8.0  | False | +1.518e-04 | +1.469e-04 | +1.41e-04 | 2.51e-04 (1.3e-04) | 2.347 (0.8367) | 0.320, 0.967 | 0.0000 | 0.9999 | +1.6e-10, +1.1e-05 | 1.4935 (5.2e-04), 0.1642 (7.9e-06) | +0.000 | 0.00e+00 | ok
  w2=0.7 nu=2.175 eps=0.01 sigma=8.0 | False | +3.047e-04 | +2.978e-04 | +2.87e-04 | 1.91e-04 (1.3e-04) | 2.332 (0.8367) | 0.682, 0.982 | 0.0000 | 0.9997 | +2.9e-10, +1.5e-05 | 1.4928 (6.9e-04), 0.1644 (7.8e-06) | +0.000 | 0.00e+00 | ok
  w2=0.7 nu=2.2 eps=0.01 sigma=8.0   | False | +5.445e-04 | +5.346e-04 | +5.16e-04 | 1.66e-04 (1.3e-04) | 2.329 (0.8367) | 0.817, 0.995 | 0.0000 | 0.9995 | +8.5e-10, +1.9e-05 | 1.4931 (8.7e-04), 0.1646 (7.9e-06) | +0.000 | 0.00e+00 | ok
  w2=0.7 nu=2.225 eps=0.01 sigma=8.0 | False | +8.727e-04 | +8.585e-04 | +8.30e-04 | 1.54e-04 (1.3e-04) | 2.328 (0.8367) | 0.883, 1.000 | 0.0000 | 0.9991 | +1.9e-09, +2.3e-05 | 1.4941 (1.1e-03), 0.1647 (8.1e-06) | +0.000 | 0.00e+00 | ok
  w2=0.7 nu=2.25 eps=0.01 sigma=8.0  | False | +1.259e-03 | +1.240e-03 | +1.20e-03 | 1.48e-04 (1.3e-04) | 2.332 (0.8367) | 0.926, 1.002 | 0.0000 | 0.9988 | +3.3e-09, +2.7e-05 | 1.4945 (1.4e-03), 0.1649 (8.4e-06) | +0.000 | 0.00e+00 | ok
  w2=0.7 nu=2.275 eps=0.01 sigma=8.0 | False | +1.638e-03 | +1.614e-03 | +1.56e-03 | 1.45e-04 (1.3e-04) | 2.333 (0.8367) | 0.945, 1.003 | 0.0000 | 0.9984 | +4.8e-09, +3.1e-05 | 1.4942 (1.7e-03), 0.1650 (8.6e-06) | +0.000 | 0.00e+00 | ok
  w2=0.7 nu=2.3 eps=0.01 sigma=8.0   | False | +1.926e-03 | +1.898e-03 | +1.83e-03 | 1.43e-04 (1.3e-04) | 2.333 (0.8367) | 0.956, 1.003 | 0.0001 | 0.9981 | +6.2e-09, +3.3e-05 | 1.4937 (1.9e-03), 0.1651 (8.8e-06) | +0.000 | 0.00e+00 | ok
  w2=0.7 nu=2.325 eps=0.01 sigma=8.0 | False | +2.049e-03 | +2.019e-03 | +1.95e-03 | 1.43e-04 (1.3e-04) | 2.332 (0.8367) | 0.961, 1.002 | 0.0001 | 0.9980 | +7.1e-09, +3.3e-05 | 1.4932 (1.9e-03), 0.1652 (8.9e-06) | +0.000 | 0.00e+00 | ok
  w2=0.7 nu=2.35 eps=0.01 sigma=8.0  | False | +1.974e-03 | +1.945e-03 | +1.88e-03 | 1.43e-04 (1.3e-04) | 2.331 (0.8367) | 0.961, 1.002 | 0.0001 | 0.9981 | +7.4e-09, +3.2e-05 | 1.4929 (1.8e-03), 0.1652 (9.0e-06) | +0.000 | 0.00e+00 | ok
  w2=0.7 nu=2.375 eps=0.01 sigma=8.0 | False | +1.725e-03 | +1.700e-03 | +1.64e-03 | 1.44e-04 (1.3e-04) | 2.330 (0.8367) | 0.956, 1.001 | 0.0000 | 0.9983 | +7.2e-09, +2.9e-05 | 1.4929 (1.6e-03), 0.1653 (9.1e-06) | +0.000 | 0.00e+00 | ok
  w2=0.7 nu=2.4 eps=0.01 sigma=8.0   | False | +1.373e-03 | +1.352e-03 | +1.31e-03 | 1.45e-04 (1.3e-04) | 2.332 (0.8367) | 0.947, 1.001 | 0.0000 | 0.9987 | +6.6e-09, +2.6e-05 | 1.4936 (1.4e-03), 0.1653 (9.1e-06) | +0.000 | 0.00e+00 | ok
  w2=0.7 nu=2.425 eps=0.01 sigma=8.0 | False | +1.003e-03 | +9.871e-04 | +9.54e-04 | 1.45e-04 (1.3e-04) | 2.338 (0.8367) | 0.931, 1.002 | 0.0000 | 0.9990 | +5.9e-09, +2.2e-05 | 1.4945 (1.2e-03), 0.1653 (9.2e-06) | +0.000 | 0.00e+00 | ok
  w2=0.7 nu=2.45 eps=0.01 sigma=8.0  | False | +6.886e-04 | +6.780e-04 | +6.56e-04 | 1.43e-04 (1.3e-04) | 2.354 (0.8367) | 0.908, 1.003 | 0.0000 | 0.9993 | +5.1e-09, +1.7e-05 | 1.4946 (1.1e-03), 0.1653 (9.2e-06) | +0.000 | 0.00e+00 | ok
  w2=0.7 nu=2.475 eps=0.01 sigma=8.0 | False | +4.729e-04 | +4.664e-04 | +4.53e-04 | 1.26e-04 (1.3e-04) | 2.390 (0.8367) | 0.878, 1.001 | 0.0000 | 0.9995 | +4.2e-09, +1.3e-05 | 1.4944 (8.4e-04), 0.1653 (9.3e-06) | +0.000 | 0.00e+00 | ok
  w2=0.7 nu=2.5 eps=0.01 sigma=8.0   | False | +3.636e-04 | +3.608e-04 | +3.53e-04 | 7.89e-05 (1.3e-04) | 2.441 (0.8367) | 0.859, 0.995 | 0.0000 | 0.9996 | +3.1e-09, +9.5e-06 | 1.4939 (6.3e-04), 0.1653 (9.4e-06) | +0.000 | 0.00e+00 | ok
  w2=0.7 nu=2.525 eps=0.01 sigma=8.0 | False | +3.441e-04 | +3.453e-04 | +3.41e-04 | 4.77e-06 (1.3e-04) | 2.474 (0.8367) | 0.872, 0.981 | 0.0000 | 0.9997 | +1.6e-09, +6.5e-06 | 1.4934 (4.4e-04), 0.1653 (9.4e-06) | +0.000 | 0.00e+00 | ok
  w2=0.7 nu=2.55 eps=0.01 sigma=8.0  | False | +3.856e-04 | +3.917e-04 | +3.89e-04 | -6.89e-05 (1.3e-04) | 2.459 (0.8367) | 0.880, 0.965 | 0.0000 | 0.9996 | -2.8e-10, +4.2e-06 | 1.4934 (3.0e-04), 0.1653 (9.5e-06) | +0.000 | 0.00e+00 | ok
  w2=0.7 nu=2.575 eps=0.01 sigma=8.0 | False | +4.567e-04 | +4.694e-04 | +4.68e-04 | -1.32e-04 (1.3e-04) | 2.399 (0.8367) | 0.923, 0.943 | 0.0000 | 0.9995 | -2.5e-09, +2.5e-06 | 1.4930 (1.9e-04), 0.1653 (9.5e-06) | +0.000 | 0.00e+00 | ok
  w2=0.7 nu=2.6 eps=0.01 sigma=8.0   | False | +5.321e-04 | +5.530e-04 | +5.53e-04 | -1.88e-04 (1.3e-04) | 2.302 (0.8367) | 0.957, 0.915 | -0.0000 | 0.9994 | -4.7e-09, +1.3e-06 | 1.4929 (1.1e-04), 0.1653 (9.6e-06) | +0.000 | 0.00e+00 | ok
  w2=0.7 nu=2.625 eps=0.01 sigma=8.0 | False | +5.956e-04 | +6.256e-04 | +6.27e-04 | -2.38e-04 (1.3e-04) | 2.167 (0.8367) | 0.983, 0.880 | -0.0000 | 0.9994 | -6.7e-09, +5.9e-07 | 1.4932 (6.0e-05), 0.1653 (9.6e-06) | +0.000 | 0.00e+00 | ok
  w2=0.7 nu=2.65 eps=0.01 sigma=8.0  | False | +6.426e-04 | +6.803e-04 | +6.83e-04 | -2.75e-04 (1.3e-04) | 1.991 (0.8367) | 0.988, 0.838 | -0.0000 | 0.9993 | -7.9e-09, +1.5e-07 | 1.4932 (3.3e-05), 0.1653 (9.6e-06) | +0.000 | 0.00e+00 | ok
  w2=0.7 nu=2.675 eps=0.01 sigma=8.0 | True  | +6.744e-04 | +7.179e-04 | +7.21e-04 | -2.97e-04 (1.3e-04) | 1.787 (0.8367) | 1.003, 0.791 | -0.0000 | 0.9993 | -8.4e-09, -9.7e-08 | 1.4942 (1.7e-05), 0.1653 (9.7e-06) | +0.000 | 7.05e-03 | ok
  w2=0.7 nu=2.7 eps=0.01 sigma=8.0   | True  | +6.975e-04 | +7.430e-04 | +7.46e-04 | -2.96e-04 (1.3e-04) | 1.570 (0.8367) | 1.014, 0.745 | -0.0000 | 0.9993 | -7.9e-09, -2.2e-07 | 0.1653 (9.7e-06), 1.4946 (9.2e-06) | +0.000 | 2.04e-03 | ok
  w2=0.7 nu=2.725 eps=0.01 sigma=8.0 | True  | +7.177e-04 | +7.601e-04 | +7.63e-04 | -2.65e-04 (1.3e-04) | 1.361 (0.8367) | 1.004, 0.710 | -0.0000 | 0.9992 | -6.8e-09, -2.8e-07 | 0.1653 (9.7e-06), 1.8372 (4.4e-06) | +0.000 | 1.62e-03 | ok
  w2=0.7 nu=2.75 eps=0.01 sigma=8.0  | True  | +7.351e-04 | +7.716e-04 | +7.74e-04 | -2.20e-04 (1.3e-04) | 1.188 (0.8367) | 1.006, 0.688 | -0.0000 | 0.9992 | -5.2e-09, -3.0e-07 | 0.1652 (9.8e-06), 1.8366 (3.8e-06) | +0.000 | 1.45e-03 | ok
  w2=0.7 nu=2.775 eps=0.01 sigma=8.0 | True  | +7.501e-04 | +7.779e-04 | +7.80e-04 | -1.63e-04 (1.3e-04) | 1.055 (0.8367) | 0.989, 0.687 | -0.0000 | 0.9992 | -3.6e-09, -3.1e-07 | 0.1652 (9.8e-06), 1.8366 (3.2e-06) | +0.000 | 1.34e-03 | ok
  w2=0.7 nu=2.8 eps=0.01 sigma=8.0   | True  | +7.589e-04 | +7.784e-04 | +7.79e-04 | -1.11e-04 (1.3e-04) | 0.966 (0.8367) | 0.989, 0.699 | -0.0000 | 0.9992 | -2.3e-09, -3.1e-07 | 0.1652 (9.8e-06), 1.8365 (2.5e-06) | +0.000 | 1.26e-03 | ok
  w2=0.7 nu=1.9 eps=0.01 sigma=32.0  | False | +2.451e-07 | +2.437e-07 | +2.45e-07 | -3.20e-07 (1.3e-04) | 0.831 (0.8367) | -0.893, 0.978 | 0.0000 | 1.0000 | -3.7e-09, -3.8e-09 | 1.4934 (1.4e-07), 0.1623 (1.2e-08) | +0.000 | 0.00e+00 | ok
  w2=0.7 nu=1.925 eps=0.01 sigma=32.0 | False | +2.347e-06 | +2.343e-06 | +2.35e-06 | 2.90e-07 (1.3e-04) | 0.836 (0.8367) | 0.801, 0.998 | 0.0000 | 1.0000 | -3.7e-09, -3.9e-09 | 1.4927 (1.2e-07), 0.1621 (9.8e-09) | +0.000 | 0.00e+00 | ok
  w2=0.7 nu=1.95 eps=0.01 sigma=32.0 | False | +2.643e-06 | +2.641e-06 | +2.64e-06 | 1.15e-07 (1.3e-04) | 0.836 (0.8367) | 0.835, 0.998 | 0.0000 | 1.0000 | -3.7e-09, -3.9e-09 | 1.4950 (1.2e-07), 0.1621 (9.8e-09) | +0.000 | 0.00e+00 | ok
  w2=0.7 nu=1.975 eps=0.01 sigma=32.0 | False | +6.741e-07 | +6.725e-07 | +6.74e-07 | 2.13e-07 (1.3e-04) | 0.835 (0.8367) | 0.355, 0.993 | 0.0000 | 1.0000 | -3.7e-09, -3.8e-09 | 1.4930 (1.4e-07), 0.1620 (8.8e-09) | +0.000 | 0.00e+00 | ok
  w2=0.7 nu=2.0 eps=0.01 sigma=32.0  | False | +1.561e-06 | +1.559e-06 | +1.56e-06 | 4.87e-07 (1.3e-04) | 0.836 (0.8367) | 0.724, 0.997 | 0.0000 | 1.0000 | -3.7e-09, -3.9e-09 | 1.4935 (1.1e-07), 0.1619 (7.0e-09) | +0.000 | 0.00e+00 | ok
  w2=0.7 nu=2.025 eps=0.01 sigma=32.0 | False | +2.437e-06 | +2.436e-06 | +2.44e-06 | 2.16e-08 (1.3e-04) | 0.836 (0.8367) | 0.831, 0.998 | 0.0000 | 1.0000 | -3.7e-09, -3.9e-09 | 1.4947 (1.3e-07), 0.1620 (6.8e-09) | +0.000 | 0.00e+00 | ok
  w2=0.7 nu=2.05 eps=0.01 sigma=32.0 | False | +1.053e-06 | +1.051e-06 | +1.05e-06 | -6.04e-08 (1.3e-04) | 0.836 (0.8367) | 0.599, 0.996 | 0.0000 | 1.0000 | -3.7e-09, -3.9e-09 | 1.4927 (1.4e-07), 0.1623 (6.2e-09) | +0.000 | 0.00e+00 | ok
  w2=0.7 nu=2.075 eps=0.01 sigma=32.0 | False | +1.291e-06 | +1.291e-06 | +1.29e-06 | 4.10e-07 (1.3e-04) | 0.836 (0.8367) | 0.686, 0.997 | 0.0000 | 1.0000 | -3.7e-09, -3.9e-09 | 1.4929 (1.2e-07), 0.1623 (4.7e-09) | +0.000 | 0.00e+00 | ok
  w2=0.7 nu=2.1 eps=0.01 sigma=32.0  | False | +2.165e-06 | +2.164e-06 | +2.16e-06 | -1.53e-07 (1.3e-04) | 0.836 (0.8367) | 0.809, 0.998 | 0.0000 | 1.0000 | -3.7e-09, -3.9e-09 | 1.4949 (1.4e-07), 0.1650 (1.9e-09) | +0.000 | 0.00e+00 | ok
  w2=0.7 nu=2.125 eps=0.01 sigma=32.0 | False | +1.305e-06 | +1.305e-06 | +1.31e-06 | 4.03e-07 (1.3e-04) | 0.835 (0.8367) | 0.697, 0.999 | 0.0000 | 1.0000 | -3.7e-09, -3.5e-09 | 1.4936 (2.3e-07), 0.1653 (1.6e-08) | +0.000 | 0.00e+00 | ok
  w2=0.7 nu=2.15 eps=0.01 sigma=32.0 | False | +1.349e-06 | +1.347e-06 | +1.35e-06 | 1.65e-06 (1.3e-04) | 0.834 (0.8367) | 0.757, 0.998 | 0.0000 | 1.0000 | -3.7e-09, -2.7e-09 | 1.4925 (3.4e-07), 0.1653 (5.1e-08) | +0.000 | 0.00e+00 | ok
  w2=0.7 nu=2.175 eps=0.01 sigma=32.0 | False | +2.116e-06 | +2.115e-06 | +2.11e-06 | 1.22e-06 (1.3e-04) | 0.835 (0.8367) | 0.871, 0.999 | 0.0000 | 1.0000 | -3.7e-09, -2.1e-09 | 1.4938 (2.8e-07), 0.1657 (5.9e-08) | +0.000 | 0.00e+00 | ok
  w2=0.7 nu=2.2 eps=0.01 sigma=32.0  | False | +1.729e-06 | +1.728e-06 | +1.73e-06 | 8.69e-07 (1.3e-04) | 0.836 (0.8367) | 0.820, 0.999 | 0.0000 | 1.0000 | -3.7e-09, +6.5e-10 | 1.4950 (9.9e-07), 0.1662 (2.7e-08) | +0.000 | 0.00e+00 | ok
  w2=0.7 nu=2.225 eps=0.01 sigma=32.0 | False | +2.038e-06 | +2.038e-06 | +2.04e-06 | -2.18e-06 (1.3e-04) | 0.815 (0.8367) | 0.822, 0.998 | 0.0000 | 1.0000 | -3.7e-09, +4.4e-08 | 1.4939 (9.4e-06), 0.1690 (4.3e-09) | +0.000 | 0.00e+00 | ok
  w2=0.7 nu=2.25 eps=0.01 sigma=32.0 | False | +5.357e-06 | +5.358e-06 | +5.30e-06 | 4.35e-05 (1.3e-04) | 1.325 (0.8367) | 0.942, 0.999 | 0.0000 | 1.0000 | -3.8e-09, +6.4e-07 | 1.4926 (1.3e-04), 0.1668 (8.2e-09) | +0.000 | 0.00e+00 | ok
  w2=0.7 nu=2.275 eps=0.01 sigma=32.0 | False | +1.750e-04 | +1.752e-04 | +1.70e-04 | 1.29e-04 (1.3e-04) | 2.264 (0.8367) | 0.996, 1.003 | 0.0000 | 0.9998 | -3.4e-09, +5.0e-06 | 1.4931 (9.6e-04), 2.9880 (1.6e-07) | +0.000 | 0.00e+00 | ok
  w2=0.7 nu=2.3 eps=0.01 sigma=32.0  | False | +2.568e-03 | +2.571e-03 | +2.49e-03 | 1.34e-04 (1.3e-04) | 2.319 (0.8367) | 0.999, 1.003 | 0.0001 | 0.9974 | +4.4e-09, +1.8e-05 | 1.4950 (4.0e-03), 2.9863 (2.2e-06) | +0.000 | 0.00e+00 | ok
  w2=0.7 nu=2.325 eps=0.01 sigma=32.0 | False | +7.948e-03 | +7.957e-03 | +7.70e-03 | 1.35e-04 (1.3e-04) | 2.325 (0.8367) | 0.999, 1.003 | 0.0002 | 0.9921 | +2.3e-08, +3.0e-05 | 1.4946 (7.3e-03), 2.9883 (6.9e-06) | +0.050 | 0.00e+00 | ok
  w2=0.7 nu=2.35 eps=0.01 sigma=32.0 | False | +5.122e-03 | +5.128e-03 | +4.96e-03 | 1.34e-04 (1.3e-04) | 2.324 (0.8367) | 1.000, 1.003 | 0.0001 | 0.9949 | +1.3e-08, +2.4e-05 | 1.4934 (6.1e-03), 2.9868 (5.0e-06) | +0.050 | 0.00e+00 | ok
  w2=0.7 nu=2.375 eps=0.01 sigma=32.0 | False | +6.820e-04 | +6.827e-04 | +6.61e-04 | 1.33e-04 (1.3e-04) | 2.309 (0.8367) | 1.001, 1.003 | 0.0000 | 0.9993 | -1.9e-09, +9.1e-06 | 1.4928 (2.2e-03), 2.9861 (6.2e-07) | +0.000 | 0.00e+00 | ok
  w2=0.7 nu=2.4 eps=0.01 sigma=32.0  | False | +2.002e-05 | +2.004e-05 | +1.95e-05 | 1.09e-04 (1.3e-04) | 2.037 (0.8367) | 0.982, 1.004 | 0.0000 | 1.0000 | -3.8e-09, +1.5e-06 | 1.4928 (3.3e-04), 2.9882 (1.6e-08) | +0.000 | 0.00e+00 | ok
  w2=0.7 nu=2.425 eps=0.01 sigma=32.0 | False | +1.835e-06 | +1.835e-06 | +1.84e-06 | -4.34e-06 (1.3e-04) | 0.784 (0.8367) | 0.821, 0.999 | 0.0000 | 1.0000 | -3.7e-09, +1.0e-07 | 1.4941 (2.1e-05), 0.1655 (1.5e-08) | +0.000 | 0.00e+00 | ok
  w2=0.7 nu=2.45 eps=0.01 sigma=32.0 | False | +1.420e-06 | +1.420e-06 | +1.42e-06 | 2.01e-07 (1.3e-04) | 0.845 (0.8367) | 0.778, 0.996 | 0.0000 | 1.0000 | -3.7e-09, -3.6e-09 | 1.4949 (1.2e-06), 0.1652 (2.3e-08) | +0.000 | 0.00e+00 | ok
  w2=0.7 nu=2.475 eps=0.01 sigma=32.0 | False | +1.232e-06 | +1.232e-06 | +1.23e-06 | -1.64e-06 (1.3e-04) | 0.839 (0.8367) | 0.750, 0.999 | 0.0000 | 1.0000 | -3.7e-09, -4.0e-09 | 1.4944 (2.8e-07), 0.1649 (3.7e-08) | +0.000 | 0.00e+00 | ok
  w2=0.7 nu=2.5 eps=0.01 sigma=32.0  | False | +9.426e-07 | +9.427e-07 | +9.42e-07 | -1.89e-06 (1.3e-04) | 0.837 (0.8367) | 0.674, 0.995 | 0.0000 | 1.0000 | -3.7e-09, -3.2e-09 | 1.4937 (1.0e-07), 0.1647 (4.3e-08) | +0.000 | 0.00e+00 | ok
  w2=0.7 nu=2.525 eps=0.01 sigma=32.0 | False | +1.044e-06 | +1.043e-06 | +1.04e-06 | 1.81e-06 (1.3e-04) | 1.073 (0.8367) | 0.716, 0.996 | 0.0000 | 1.0000 | -3.7e-09, -3.5e-09 | 1.7771 (1.8e-07), 1.4931 (1.2e-07) | +0.000 | 0.00e+00 | ok
  w2=0.7 nu=2.55 eps=0.01 sigma=32.0 | False | +1.219e-05 | +1.220e-05 | +1.21e-05 | 2.48e-05 (1.3e-04) | 2.495 (0.8367) | 0.981, 1.001 | 0.0000 | 1.0000 | -3.7e-09, -1.1e-08 | 1.7767 (1.5e-06), 1.4926 (1.0e-07) | +0.000 | 0.00e+00 | ok
  w2=0.7 nu=2.575 eps=0.01 sigma=32.0 | False | +2.499e-04 | +2.499e-04 | +2.48e-04 | 2.66e-05 (1.3e-04) | 2.609 (0.8367) | 1.004, 1.000 | 0.0000 | 0.9998 | -3.6e-09, -1.7e-07 | 1.7783 (5.3e-06), 1.4942 (1.2e-07) | +0.000 | 0.00e+00 | ok
  w2=0.7 nu=2.6 eps=0.01 sigma=32.0  | False | +1.262e-03 | +1.263e-03 | +1.25e-03 | 2.66e-05 (1.3e-04) | 2.613 (0.8367) | 1.004, 1.001 | 0.0000 | 0.9987 | -3.2e-09, -8.6e-07 | 1.7626 (1.8e-06), 1.8051 (1.7e-06) | +0.000 | 0.00e+00 | ok
  w2=0.7 nu=2.625 eps=0.01 sigma=32.0 | False | +1.441e-03 | +1.441e-03 | +1.43e-03 | 2.39e-05 (1.3e-04) | 2.609 (0.8367) | 1.004, 1.000 | 0.0000 | 0.9986 | -6.0e-09, -9.7e-07 | 1.8157 (3.0e-06), 1.7641 (2.6e-06) | +0.000 | 0.00e+00 | ok
  w2=0.7 nu=2.65 eps=0.01 sigma=32.0 | False | +4.329e-04 | +4.324e-04 | +4.40e-04 | -7.82e-05 (1.3e-04) | 2.370 (0.8367) | 1.020, 0.948 | -0.0000 | 0.9996 | -1.8e-08, -2.7e-07 | 1.8380 (8.3e-06), 1.7779 (6.3e-06) | +0.000 | 0.00e+00 | ok
  w2=0.7 nu=2.675 eps=0.01 sigma=32.0 | True  | +3.759e-04 | +3.741e-04 | +4.00e-04 | -2.98e-04 (1.3e-04) | 1.062 (0.8367) | 1.060, 0.730 | -0.0000 | 0.9996 | -3.2e-08, -1.5e-07 | 1.8386 (1.3e-05), 1.7804 (2.0e-06) | +0.000 | 7.05e-03 | ok
  w2=0.7 nu=2.7 eps=0.01 sigma=32.0  | True  | +7.246e-04 | +7.233e-04 | +7.39e-04 | -9.14e-05 (1.3e-04) | 0.876 (0.8367) | 1.019, 0.825 | -0.0000 | 0.9993 | -1.9e-08, -2.7e-07 | 1.8379 (9.1e-06), 1.4935 (1.5e-07) | +0.000 | 2.04e-03 | ok
  w2=0.7 nu=2.725 eps=0.01 sigma=32.0 | True  | +8.635e-04 | +8.634e-04 | +8.65e-04 | -8.91e-06 (1.3e-04) | 0.840 (0.8367) | 1.002, 0.948 | -0.0000 | 0.9992 | -5.7e-09, -3.2e-07 | 1.8368 (2.9e-06), 1.4930 (1.6e-07) | +0.000 | 1.62e-03 | ok
  w2=0.7 nu=2.75 eps=0.01 sigma=32.0 | True  | +8.682e-04 | +8.682e-04 | +8.68e-04 | -1.86e-07 (1.3e-04) | 0.837 (0.8367) | 1.000, 0.995 | -0.0000 | 0.9991 | -3.8e-09, -3.2e-07 | 1.8355 (4.0e-07), 1.4928 (1.5e-07) | +0.000 | 1.45e-03 | ok
  w2=0.7 nu=2.775 eps=0.01 sigma=32.0 | True  | +8.483e-04 | +8.483e-04 | +8.48e-04 | -1.24e-09 (1.3e-04) | 0.837 (0.8367) | 1.000, 1.000 | -0.0000 | 0.9992 | -3.8e-09, -3.2e-07 | 1.4934 (1.4e-07), 0.1641 (2.4e-08) | +0.000 | 1.34e-03 | ok
  w2=0.7 nu=2.8 eps=0.01 sigma=32.0  | True  | +8.249e-04 | +8.249e-04 | +8.25e-04 | -1.07e-09 (1.3e-04) | 0.837 (0.8367) | 1.000, 1.000 | -0.0000 | 0.9992 | -3.8e-09, -3.2e-07 | 1.4934 (1.4e-07), 0.1641 (2.5e-08) | +0.000 | 1.26e-03 | ok
  Raster w2 = 0.7, sigma = 8.0: Spitze unter der Schwelle bei nu = 2.3280 (Vorhersage 2.3305, Abweichung -0.0024), C = 2.049e-03, FWHM 0.189; kleinstes C zwischen Spitze + 0,1 und Schwelle 3.44e-04; erster Wert ueber der Schwelle (2.673) 6.744e-04
    nu: C_nach | kappa | dE/dQ -> 1.900: -2.70e-07 | nan | -2.05; 1.925: -4.14e-07 | nan | -0.96; 1.950: -6.38e-07 | nan | -0.14; 1.975: -8.81e-07 | nan | 0.33; 2.000: -1.08e-06 | nan | 0.51; 2.025: -8.75e-07 | nan | -0.03; 2.050: 8.69e-07 | nan | 4.50; 2.075: 7.15e-06 | 4.3e-03 | 2.57; 2.100: 2.48e-05 | 9.6e-04 | 2.40; 2.125: 6.66e-05 | 4.1e-04 | 2.37; 2.150: 1.52e-04 | 2.5e-04 | 2.35; 2.175: 3.05e-04 | 1.9e-04 | 2.33; 2.200: 5.45e-04 | 1.7e-04 | 2.33; 2.225: 8.73e-04 | 1.5e-04 | 2.33; 2.250: 1.26e-03 | 1.5e-04 | 2.33; 2.275: 1.64e-03 | 1.4e-04 | 2.33; 2.300: 1.93e-03 | 1.4e-04 | 2.33; 2.325: 2.05e-03 | 1.4e-04 | 2.33; 2.350: 1.97e-03 | 1.4e-04 | 2.33; 2.375: 1.73e-03 | 1.4e-04 | 2.33; 2.400: 1.37e-03 | 1.4e-04 | 2.33; 2.425: 1.00e-03 | 1.5e-04 | 2.34; 2.450: 6.89e-04 | 1.4e-04 | 2.35; 2.475: 4.73e-04 | 1.3e-04 | 2.39; 2.500: 3.64e-04 | 7.9e-05 | 2.44; 2.525: 3.44e-04 | 4.8e-06 | 2.47; 2.550: 3.86e-04 | -6.9e-05 | 2.46; 2.575: 4.57e-04 | -1.3e-04 | 2.40; 2.600: 5.32e-04 | -1.9e-04 | 2.30; 2.625: 5.96e-04 | -2.4e-04 | 2.17; 2.650: 6.43e-04 | -2.7e-04 | 1.99; 2.675: 6.74e-04 | -3.0e-04 | 1.79; 2.700: 6.97e-04 | -3.0e-04 | 1.57; 2.725: 7.18e-04 | -2.7e-04 | 1.36; 2.750: 7.35e-04 | -2.2e-04 | 1.19; 2.775: 7.50e-04 | -1.6e-04 | 1.06; 2.800: 7.59e-04 | -1.1e-04 | 0.97
  Raster w2 = 0.7, sigma = 32.0: Spitze unter der Schwelle bei nu = 2.3289 (Vorhersage 2.3305, Abweichung -0.0016), C = 7.948e-03, FWHM 0.050; kleinstes C zwischen Spitze + 0,1 und Schwelle 9.43e-07; erster Wert ueber der Schwelle (2.673) 3.759e-04
    nu: C_nach | kappa | dE/dQ -> 1.900: 2.45e-07 | -3.2e-07 | 0.83; 1.925: 2.35e-06 | 2.9e-07 | 0.84; 1.950: 2.64e-06 | 1.2e-07 | 0.84; 1.975: 6.74e-07 | 2.1e-07 | 0.84; 2.000: 1.56e-06 | 4.9e-07 | 0.84; 2.025: 2.44e-06 | 2.2e-08 | 0.84; 2.050: 1.05e-06 | -6.0e-08 | 0.84; 2.075: 1.29e-06 | 4.1e-07 | 0.84; 2.100: 2.16e-06 | -1.5e-07 | 0.84; 2.125: 1.31e-06 | 4.0e-07 | 0.83; 2.150: 1.35e-06 | 1.7e-06 | 0.83; 2.175: 2.12e-06 | 1.2e-06 | 0.83; 2.200: 1.73e-06 | 8.7e-07 | 0.84; 2.225: 2.04e-06 | -2.2e-06 | 0.82; 2.250: 5.36e-06 | 4.4e-05 | 1.33; 2.275: 1.75e-04 | 1.3e-04 | 2.26; 2.300: 2.57e-03 | 1.3e-04 | 2.32; 2.325: 7.95e-03 | 1.3e-04 | 2.32; 2.350: 5.12e-03 | 1.3e-04 | 2.32; 2.375: 6.82e-04 | 1.3e-04 | 2.31; 2.400: 2.00e-05 | 1.1e-04 | 2.04; 2.425: 1.84e-06 | -4.3e-06 | 0.78; 2.450: 1.42e-06 | 2.0e-07 | 0.85; 2.475: 1.23e-06 | -1.6e-06 | 0.84; 2.500: 9.43e-07 | -1.9e-06 | 0.84; 2.525: 1.04e-06 | 1.8e-06 | 1.07; 2.550: 1.22e-05 | 2.5e-05 | 2.50; 2.575: 2.50e-04 | 2.7e-05 | 2.61; 2.600: 1.26e-03 | 2.7e-05 | 2.61; 2.625: 1.44e-03 | 2.4e-05 | 2.61; 2.650: 4.33e-04 | -7.8e-05 | 2.37; 2.675: 3.76e-04 | -3.0e-04 | 1.06; 2.700: 7.25e-04 | -9.1e-05 | 0.88; 2.725: 8.64e-04 | -8.9e-06 | 0.84; 2.750: 8.68e-04 | -1.9e-07 | 0.84; 2.775: 8.48e-04 | -1.2e-09 | 0.84; 2.800: 8.25e-04 | -1.1e-09 | 0.84
  L3 (grob gegen fein): C_nach 61 von 76; kappa 37 von 66 definierten
    Raster w2=0.7 sigma=8.0: nu_peak ok (0.344/0.0016)
    Raster w2=0.7 sigma=32.0: nu_peak ok (0.343/0.0013)

Ende 2026-09-30T02:46:11+00:00, Dauer 294.4 s, Torch-Speicher max 385 MB, Fehler: keine
