Runde 7 R5F fuettern Start 2026-09-30T02:50:15+00:00 auf Quadro P4000, torch 2.5.1+cu121, Stufe beide, Teil raster55, T None, nur-auswertung False

(b) fuettern, Teil raster55: Box +-320.0 (Schwamm ab 280.0), Paketmitte startet bei x0 = -150.0, Messung alle 0.5, Fenster |x| < 20 (Ort: 10 und 40).
  C_nach = [Q20(Ball+Paket) - Q20(Ball) - Q20(Paket)] / |Q_Paket| im Fenster [t_nach, t_nach + 20], t_nach = Ankunft der Paketmitte + (4 sigma + 20)/v_g + 10;
  C_R5 = dasselbe im Fenster der Runde 5 (163 bis 188 nach Ankunft); kappa = Abklingrate von dQ20 in [t_nach, t_nach + 200]; R, T aus den Fluessen bei x = -40 / +40;
  Bilanz_Q = [Int (j(-40) - j(+40)) dt - dQ40] / Q_Paket (muss ~0 sein); nu_r = omega + Re rho (1D-Pol aus RUNDE-06): 0,55 -> 2,1183, 0,70 -> 2,3305.
  [grob]
  Lauf | ueber | C_nach | C_R5 | C_Ende | kappa (2 Gamma_1D) | dE/dQ (omega) | Ort 10/20, 40/20 | R | T | Bilanz Q, E | Atmung Omega (Amp) | x Ende | born | plaus
  w2=0.55 nu=1.9 eps=0.01 sigma=8.0  | False | +1.598e-03 | +6.174e-04 | +6.12e-05 | 1.01e-02 (1.0e-02) | 2.124 (0.7416) | 0.876, 1.252 | 0.0039 | 0.9961 | +3.7e-08, -2.2e-05 | 1.3760 (8.0e-04), 0.2607 (1.1e-06) | +0.000 | 0.00e+00 | ok
  w2=0.55 nu=1.925 eps=0.01 sigma=8.0 | False | +3.871e-03 | +1.476e-03 | +1.39e-04 | 1.01e-02 (1.0e-02) | 2.113 (0.7416) | 0.895, 1.256 | 0.0063 | 0.9936 | +8.6e-08, -3.4e-05 | 1.3776 (1.2e-03), 0.2609 (1.2e-06) | +0.000 | 0.00e+00 | ok
  w2=0.55 nu=1.95 eps=0.01 sigma=8.0 | False | +8.385e-03 | +3.195e-03 | +2.93e-04 | 1.02e-02 (1.0e-02) | 2.113 (0.7416) | 0.896, 1.253 | 0.0106 | 0.9891 | +1.8e-07, -5.0e-05 | 1.3777 (1.9e-03), 0.2610 (1.3e-06) | +0.000 | 0.00e+00 | ok
  w2=0.55 nu=1.975 eps=0.01 sigma=8.0 | False | +1.630e-02 | +6.210e-03 | +5.64e-04 | 1.02e-02 (1.0e-02) | 2.118 (0.7416) | 0.890, 1.253 | 0.0177 | 0.9817 | +3.5e-07, -6.8e-05 | 1.3769 (2.7e-03), 2.7537 (2.6e-06) | +0.000 | 0.00e+00 | ok
  w2=0.55 nu=2.0 eps=0.01 sigma=8.0  | False | +2.842e-02 | +1.078e-02 | +9.81e-04 | 1.01e-02 (1.0e-02) | 2.120 (0.7416) | 0.887, 1.256 | 0.0280 | 0.9709 | +6.0e-07, -8.9e-05 | 1.3761 (3.5e-03), 2.7535 (4.0e-06) | +0.100 | 0.00e+00 | ok
  w2=0.55 nu=2.025 eps=0.01 sigma=8.0 | False | +4.453e-02 | +1.682e-02 | +1.54e-03 | 1.01e-02 (1.0e-02) | 2.118 (0.7416) | 0.890, 1.260 | 0.0412 | 0.9571 | +9.3e-07, -1.1e-04 | 1.3765 (4.0e-03), 2.7543 (7.1e-06) | +0.100 | 0.00e+00 | ok
  w2=0.55 nu=2.05 eps=0.01 sigma=8.0 | False | +6.273e-02 | +2.371e-02 | +2.18e-03 | 1.01e-02 (1.0e-02) | 2.116 (0.7416) | 0.893, 1.262 | 0.0554 | 0.9422 | +1.3e-06, -1.3e-04 | 1.3779 (5.1e-03), 2.7530 (9.4e-06) | +0.113 | 0.00e+00 | ok
  w2=0.55 nu=2.075 eps=0.01 sigma=8.0 | False | +7.918e-02 | +2.997e-02 | +2.78e-03 | 1.01e-02 (1.0e-02) | 2.115 (0.7416) | 0.893, 1.263 | 0.0680 | 0.9290 | +1.6e-06, -1.4e-04 | 1.3778 (6.0e-03), 2.7546 (1.2e-05) | +0.200 | 0.00e+00 | ok
  w2=0.55 nu=2.1 eps=0.01 sigma=8.0  | False | +9.060e-02 | +3.417e-02 | +3.20e-03 | 1.01e-02 (1.0e-02) | 2.117 (0.7416) | 0.891, 1.261 | 0.0758 | 0.9206 | +1.8e-06, -1.5e-04 | 1.3769 (6.6e-03), 0.0274 (1.6e-04) | +0.200 | 0.00e+00 | ok
  w2=0.55 nu=2.125 eps=0.01 sigma=8.0 | False | +9.367e-02 | +3.535e-02 | +3.36e-03 | 1.00e-02 (1.0e-02) | 2.119 (0.7416) | 0.889, 1.259 | 0.0770 | 0.9194 | +1.9e-06, -1.5e-04 | 1.3761 (6.5e-03), 0.0330 (1.5e-04) | +0.200 | 0.00e+00 | ok
  w2=0.55 nu=2.15 eps=0.01 sigma=8.0 | False | +8.743e-02 | +3.331e-02 | +3.32e-03 | 9.94e-03 (1.0e-02) | 2.121 (0.7416) | 0.890, 1.255 | 0.0711 | 0.9252 | +1.8e-06, -1.4e-04 | 1.3761 (6.0e-03), 0.0330 (1.4e-04) | +0.200 | 0.00e+00 | ok
  w2=0.55 nu=2.175 eps=0.01 sigma=8.0 | False | +7.510e-02 | +2.901e-02 | +3.27e-03 | 9.68e-03 (1.0e-02) | 2.125 (0.7416) | 0.894, 1.250 | 0.0602 | 0.9362 | +1.6e-06, -1.2e-04 | 1.3774 (5.2e-03), 1.6449 (1.7e-05) | +0.200 | 0.00e+00 | ok
  w2=0.55 nu=2.2 eps=0.01 sigma=8.0  | False | +6.004e-02 | +2.429e-02 | +3.50e-03 | 9.08e-03 (1.0e-02) | 2.137 (0.7416) | 0.899, 1.241 | 0.0473 | 0.9489 | +1.4e-06, -1.1e-04 | 1.3778 (4.8e-03), 1.6405 (2.3e-05) | +0.100 | 0.00e+00 | ok
  w2=0.55 nu=2.225 eps=0.01 sigma=8.0 | False | +4.706e-02 | +2.094e-02 | +4.31e-03 | 7.93e-03 (1.0e-02) | 2.165 (0.7416) | 0.908, 1.222 | 0.0355 | 0.9600 | +1.3e-06, -9.1e-05 | 1.3778 (4.2e-03), 1.6415 (3.8e-05) | +0.100 | 0.00e+00 | ok
  w2=0.55 nu=2.25 eps=0.01 sigma=8.0 | False | +3.920e-02 | +2.016e-02 | +5.88e-03 | 6.34e-03 (1.0e-02) | 2.214 (0.7416) | 0.921, 1.187 | 0.0268 | 0.9670 | +1.4e-06, -7.6e-05 | 1.3770 (3.4e-03), 1.5988 (5.8e-05) | +0.100 | 0.00e+00 | ok
  w2=0.55 nu=2.275 eps=0.01 sigma=8.0 | False | +3.686e-02 | +2.213e-02 | +8.19e-03 | 4.88e-03 (1.0e-02) | 2.271 (0.7416) | 0.939, 1.144 | 0.0219 | 0.9696 | +1.7e-06, -6.4e-05 | 1.3765 (2.6e-03), 1.5994 (6.7e-05) | +0.100 | 0.00e+00 | ok
  w2=0.55 nu=2.3 eps=0.01 sigma=8.0  | False | +3.897e-02 | +2.602e-02 | +1.10e-02 | 3.94e-03 (1.0e-02) | 2.309 (0.7416) | 0.954, 1.107 | 0.0201 | 0.9686 | +2.0e-06, -5.5e-05 | 1.3762 (1.8e-03), 1.5997 (6.9e-05) | +0.100 | 0.00e+00 | ok
  w2=0.55 nu=2.325 eps=0.01 sigma=8.0 | False | +4.309e-02 | +3.059e-02 | +1.39e-02 | 3.42e-03 (1.0e-02) | 2.319 (0.7416) | 0.966, 1.082 | 0.0199 | 0.9658 | +2.3e-06, -5.0e-05 | 1.3760 (1.2e-03), 1.6446 (7.5e-05) | +0.100 | 0.00e+00 | ok
  w2=0.55 nu=2.35 eps=0.01 sigma=8.0 | False | +4.669e-02 | +3.444e-02 | +1.67e-02 | 3.09e-03 (1.0e-02) | 2.304 (0.7416) | 0.976, 1.063 | 0.0199 | 0.9630 | +2.5e-06, -4.6e-05 | 1.3763 (7.3e-04), 1.6435 (7.8e-05) | +0.100 | 0.00e+00 | ok
  w2=0.55 nu=2.375 eps=0.01 sigma=8.0 | False | +4.817e-02 | +3.683e-02 | +1.93e-02 | 2.76e-03 (1.0e-02) | 2.259 (0.7416) | 0.988, 1.040 | 0.0189 | 0.9614 | +2.3e-06, -4.4e-05 | 1.3773 (4.4e-04), 1.6426 (7.8e-05) | +0.100 | 0.00e+00 | ok
  w2=0.55 nu=2.4 eps=0.01 sigma=8.0  | False | +4.731e-02 | +3.783e-02 | +2.21e-02 | 2.34e-03 (1.0e-02) | 2.174 (0.7416) | 1.005, 1.008 | 0.0167 | 0.9610 | +1.9e-06, -4.2e-05 | 1.3778 (2.7e-04), 1.6018 (7.7e-05) | +0.100 | 0.00e+00 | ok
  w2=0.55 nu=2.425 eps=0.01 sigma=8.0 | False | +4.512e-02 | +3.838e-02 | +2.55e-02 | 1.78e-03 (1.0e-02) | 2.030 (0.7416) | 1.027, 0.957 | 0.0133 | 0.9611 | +1.2e-06, -4.3e-05 | 1.3778 (1.6e-04), 1.6012 (7.7e-05) | +0.100 | 0.00e+00 | ok
  w2=0.55 nu=2.45 eps=0.01 sigma=8.0 | False | +4.315e-02 | +3.947e-02 | +3.00e-02 | 1.14e-03 (1.0e-02) | 1.819 (0.7416) | 1.052, 0.887 | 0.0095 | 0.9606 | +5.4e-07, -4.5e-05 | 1.3775 (8.6e-05), 1.6323 (6.9e-05) | +0.100 | 0.00e+00 | ok
  w2=0.55 nu=2.475 eps=0.01 sigma=8.0 | False | +4.270e-02 | +4.185e-02 | +3.55e-02 | 5.51e-04 (1.0e-02) | 1.563 (0.7416) | 1.073, 0.806 | 0.0058 | 0.9587 | -6.3e-08, -4.9e-05 | 1.6225 (7.2e-05), 1.7423 (6.2e-05) | +0.096 | 0.00e+00 | ok
  w2=0.55 nu=2.5 eps=0.01 sigma=8.0  | True  | +4.426e-02 | +4.553e-02 | +4.18e-02 | 1.24e-04 (1.0e-02) | 1.315 (0.7416) | 1.082, 0.734 | 0.0029 | 0.9554 | -4.7e-07, -5.6e-05 | 1.7433 (6.5e-05), 1.6223 (6.2e-05) | +0.078 | 1.22e-01 | ok
  w2=0.55 nu=2.525 eps=0.01 sigma=8.0 | True  | +4.746e-02 | +4.998e-02 | +4.81e-02 | -1.08e-04 (1.0e-02) | 1.119 (0.7416) | 1.079, 0.684 | 0.0009 | 0.9513 | -6.5e-07, -6.3e-05 | 1.7435 (6.7e-05), 1.6229 (4.9e-05) | +0.063 | 8.99e-02 | ok
  w2=0.55 nu=2.55 eps=0.01 sigma=8.0 | True  | +5.148e-02 | +5.434e-02 | +5.35e-02 | -1.86e-04 (1.0e-02) | 0.980 (0.7416) | 1.066, 0.663 | -0.0003 | 0.9470 | -6.5e-07, -6.9e-05 | 1.7433 (6.0e-05), 1.6229 (3.5e-05) | +0.062 | 7.95e-02 | ok
  w2=0.55 nu=2.575 eps=0.01 sigma=8.0 | True  | +5.520e-02 | +5.786e-02 | +5.76e-02 | -1.86e-04 (1.0e-02) | 0.892 (0.7416) | 1.052, 0.661 | -0.0009 | 0.9435 | -5.4e-07, -7.4e-05 | 1.7429 (5.4e-05), 1.6228 (2.5e-05) | +0.066 | 7.39e-02 | ok
  w2=0.55 nu=2.6 eps=0.01 sigma=8.0  | True  | +5.799e-02 | +6.012e-02 | +6.01e-02 | -1.50e-04 (1.0e-02) | 0.836 (0.7416) | 1.038, 0.676 | -0.0010 | 0.9411 | -3.9e-07, -7.8e-05 | 1.7423 (4.5e-05), 1.6224 (1.7e-05) | +0.067 | 7.01e-02 | ok
  w2=0.55 nu=2.625 eps=0.01 sigma=8.0 | True  | +5.956e-02 | +6.107e-02 | +6.11e-02 | -1.06e-04 (1.0e-02) | 0.799 (0.7416) | 1.025, 0.701 | -0.0010 | 0.9399 | -2.5e-07, -8.0e-05 | 1.7416 (3.5e-05), 1.6219 (1.1e-05) | +0.065 | 6.72e-02 | ok
  w2=0.55 nu=2.65 eps=0.01 sigma=8.0 | True  | +5.999e-02 | +6.093e-02 | +6.10e-02 | -6.57e-05 (1.0e-02) | 0.775 (0.7416) | 1.015, 0.739 | -0.0008 | 0.9399 | -1.5e-07, -8.1e-05 | 1.7416 (2.6e-05), 1.6219 (6.3e-06) | +0.058 | 6.48e-02 | ok
  w2=0.55 nu=2.675 eps=0.01 sigma=8.0 | True  | +5.950e-02 | +6.004e-02 | +6.01e-02 | -3.79e-05 (1.0e-02) | 0.760 (0.7416) | 1.009, 0.776 | -0.0006 | 0.9406 | -7.6e-08, -8.1e-05 | 1.7412 (1.8e-05), 1.6214 (3.5e-06) | +0.042 | 6.26e-02 | ok
  w2=0.55 nu=2.7 eps=0.01 sigma=8.0  | True  | +5.842e-02 | +5.869e-02 | +5.87e-02 | -1.98e-05 (1.0e-02) | 0.751 (0.7416) | 1.004, 0.814 | -0.0004 | 0.9417 | -3.5e-08, -8.0e-05 | 1.7414 (1.2e-05), 0.2591 (2.8e-06) | +0.025 | 6.06e-02 | ok
  w2=0.55 nu=2.725 eps=0.01 sigma=8.0 | True  | +5.701e-02 | +5.714e-02 | +5.71e-02 | -9.06e-06 (1.0e-02) | 0.746 (0.7416) | 1.002, 0.856 | -0.0003 | 0.9432 | -1.4e-08, -7.9e-05 | 1.7413 (7.7e-06), 0.2592 (2.8e-06) | +0.004 | 5.88e-02 | ok
  w2=0.55 nu=2.75 eps=0.01 sigma=8.0 | True  | +5.547e-02 | +5.552e-02 | +5.55e-02 | -3.74e-06 (1.0e-02) | 0.744 (0.7416) | 1.001, 0.888 | -0.0002 | 0.9447 | -4.3e-09, -7.8e-05 | 1.7424 (4.7e-06), 0.2593 (2.8e-06) | +0.000 | 5.71e-02 | ok
  w2=0.55 nu=2.775 eps=0.01 sigma=8.0 | True  | +5.391e-02 | +5.392e-02 | +5.39e-02 | -1.21e-06 (1.0e-02) | 0.742 (0.7416) | 1.000, 0.920 | -0.0002 | 0.9462 | -6.0e-11, -7.7e-05 | 0.2593 (2.8e-06), 1.7423 (2.8e-06) | +0.000 | 5.54e-02 | ok
  w2=0.55 nu=2.8 eps=0.01 sigma=8.0  | True  | +5.237e-02 | +5.238e-02 | +5.24e-02 | -1.87e-07 (1.0e-02) | 0.742 (0.7416) | 1.000, 0.941 | -0.0001 | 0.9477 | +1.7e-09, -7.6e-05 | 0.2595 (2.8e-06), 1.7428 (1.7e-06) | +0.000 | 5.39e-02 | ok
  w2=0.55 nu=1.9 eps=0.01 sigma=32.0 | False | +6.943e-06 | +6.944e-06 | +6.94e-06 | -1.15e-08 (1.0e-02) | 0.760 (0.7416) | 1.000, 1.000 | 0.0020 | 0.9980 | -6.9e-09, +4.2e-09 | 1.3780 (6.8e-08), 0.2594 (1.5e-08) | +0.000 | 0.00e+00 | ok
  w2=0.55 nu=1.925 eps=0.01 sigma=32.0 | False | +8.120e-06 | +8.116e-06 | +8.12e-06 | 5.72e-08 (1.0e-02) | 0.762 (0.7416) | 1.000, 0.999 | 0.0022 | 0.9978 | -6.9e-09, +1.4e-09 | 1.3774 (1.4e-07), 0.2588 (9.1e-09) | +0.000 | 0.00e+00 | ok
  w2=0.55 nu=1.95 eps=0.01 sigma=32.0 | False | +6.113e-06 | +6.109e-06 | +6.11e-06 | -4.01e-07 (1.0e-02) | 0.778 (0.7416) | 0.999, 0.998 | 0.0024 | 0.9975 | -6.9e-09, -1.4e-09 | 1.3757 (8.4e-08), 0.2586 (8.2e-09) | +0.000 | 0.00e+00 | ok
  w2=0.55 nu=1.975 eps=0.01 sigma=32.0 | False | +3.874e-06 | +3.878e-06 | +3.88e-06 | -6.30e-06 (1.0e-02) | 0.825 (0.7416) | 0.990, 1.002 | 0.0029 | 0.9971 | -6.9e-09, -3.6e-10 | 1.3779 (6.6e-07), 0.2584 (8.1e-09) | +0.000 | 0.00e+00 | ok
  w2=0.55 nu=2.0 eps=0.01 sigma=32.0 | False | +4.625e-06 | +4.617e-06 | +4.63e-06 | -7.35e-06 (1.0e-02) | 0.864 (0.7416) | 0.972, 0.997 | 0.0037 | 0.9963 | -6.9e-09, +3.6e-09 | 1.3775 (3.5e-06), 0.2577 (8.3e-09) | +0.000 | 0.00e+00 | ok
  w2=0.55 nu=2.025 eps=0.01 sigma=32.0 | False | +6.957e-06 | +7.102e-06 | +6.14e-06 | 6.25e-04 (1.0e-02) | 1.113 (0.7416) | 0.903, 1.029 | 0.0053 | 0.9946 | -6.9e-09, -2.5e-07 | 1.3757 (4.2e-05), 0.8607 (1.1e-08) | +0.048 | 0.00e+00 | ok
  w2=0.55 nu=2.05 eps=0.01 sigma=32.0 | False | +1.831e-04 | +2.076e-04 | +4.09e-05 | 7.19e-03 (1.0e-02) | 1.944 (0.7416) | 0.907, 1.229 | 0.0101 | 0.9899 | +2.3e-09, -4.9e-06 | 1.3778 (6.1e-04), 2.7533 (1.6e-07) | +0.100 | 0.00e+00 | ok
  w2=0.55 nu=2.075 eps=0.01 sigma=32.0 | False | +7.028e-03 | +8.032e-03 | +9.30e-04 | 9.22e-03 (1.0e-02) | 2.075 (0.7416) | 0.893, 1.250 | 0.0373 | 0.9617 | +4.2e-07, -3.5e-05 | 1.3781 (4.5e-03), 0.0565 (1.4e-04) | +0.400 | 0.00e+00 | ok
  w2=0.55 nu=2.1 eps=0.01 sigma=32.0 | False | +5.982e-02 | +6.758e-02 | +8.52e-03 | 8.92e-03 (1.0e-02) | 2.073 (0.7416) | 0.889, 1.248 | 0.1481 | 0.8428 | +3.6e-06, -1.1e-04 | 1.3763 (1.3e-02), 0.2516 (1.5e-04) | +1.587 | 0.00e+00 | ok
  w2=0.55 nu=2.125 eps=0.01 sigma=32.0 | False | +1.313e-01 | +1.477e-01 | +2.04e-02 | 8.57e-03 (1.0e-02) | 2.063 (0.7416) | 0.888, 1.243 | 0.2544 | 0.7240 | +7.6e-06, -1.7e-04 | 1.3758 (1.8e-02), 0.4453 (1.5e-04) | +2.697 | 0.00e+00 | ok
  w2=0.55 nu=2.15 eps=0.01 sigma=32.0 | False | +5.285e-02 | +5.948e-02 | +7.03e-03 | 9.11e-03 (1.0e-02) | 2.079 (0.7416) | 0.889, 1.250 | 0.1196 | 0.8728 | +3.1e-06, -9.4e-05 | 1.3777 (1.1e-02), 0.2097 (1.3e-04) | +1.318 | 0.00e+00 | ok
  w2=0.55 nu=2.175 eps=0.01 sigma=32.0 | False | +3.112e-03 | +3.480e-03 | +4.50e-04 | 8.79e-03 (1.0e-02) | 2.045 (0.7416) | 0.898, 1.245 | 0.0183 | 0.9812 | +1.6e-07, -1.9e-05 | 1.3781 (3.0e-03), 2.7546 (2.7e-06) | +0.200 | 0.00e+00 | ok
  w2=0.55 nu=2.2 eps=0.01 sigma=32.0 | False | +8.675e-05 | +9.101e-05 | +5.42e-05 | 2.33e-03 (1.0e-02) | 1.316 (0.7416) | 0.957, 1.109 | 0.0044 | 0.9955 | -5.6e-09, -1.7e-06 | 1.3770 (3.3e-04), 0.7580 (8.0e-08) | +0.100 | 0.00e+00 | ok
  w2=0.55 nu=2.225 eps=0.01 sigma=32.0 | False | +2.978e-05 | +2.981e-05 | +2.96e-05 | 2.98e-05 (1.0e-02) | 0.762 (0.7416) | 0.994, 1.002 | 0.0023 | 0.9977 | -7.0e-09, +4.4e-08 | 1.3758 (1.5e-05), 1.6239 (1.6e-08) | +0.000 | 0.00e+00 | ok
  w2=0.55 nu=2.25 eps=0.01 sigma=32.0 | False | +1.964e-05 | +1.964e-05 | +1.96e-05 | 4.61e-06 (1.0e-02) | 0.751 (0.7416) | 0.999, 0.999 | 0.0016 | 0.9984 | -7.0e-09, +9.1e-08 | 1.3761 (1.9e-06), 1.6213 (6.0e-08) | +0.000 | 0.00e+00 | ok
  w2=0.55 nu=2.275 eps=0.01 sigma=32.0 | False | +1.780e-05 | +1.793e-05 | +1.56e-05 | 6.10e-04 (1.0e-02) | 1.123 (0.7416) | 0.990, 1.014 | 0.0015 | 0.9985 | -6.6e-09, +6.2e-08 | 1.6234 (1.1e-06), 1.3781 (3.6e-07) | +0.000 | 0.00e+00 | ok
  w2=0.55 nu=2.3 eps=0.01 sigma=32.0 | False | +5.341e-04 | +5.494e-04 | +2.48e-04 | 3.25e-03 (1.0e-02) | 2.330 (0.7416) | 0.964, 1.077 | 0.0023 | 0.9975 | +3.8e-08, -4.6e-07 | 1.6222 (2.9e-05), 3.2444 (1.6e-07) | +0.000 | 0.00e+00 | ok
  w2=0.55 nu=2.325 eps=0.01 sigma=32.0 | False | +1.435e-02 | +1.476e-02 | +6.51e-03 | 3.33e-03 (1.0e-02) | 2.361 (0.7416) | 0.964, 1.076 | 0.0120 | 0.9813 | +1.2e-06, -1.4e-05 | 1.5893 (7.4e-05), 1.6571 (7.0e-05) | +0.200 | 0.00e+00 | ok
  w2=0.55 nu=2.35 eps=0.01 sigma=32.0 | False | +8.432e-02 | +8.662e-02 | +3.81e-02 | 3.34e-03 (1.0e-02) | 2.364 (0.7416) | 0.963, 1.077 | 0.0509 | 0.9098 | +7.2e-06, -7.8e-05 | 3.2450 (1.7e-04), 3.3938 (7.1e-05) | +0.931 | 0.00e+00 | ok
  w2=0.55 nu=2.375 eps=0.01 sigma=32.0 | False | +1.151e-01 | +1.182e-01 | +5.18e-02 | 3.35e-03 (1.0e-02) | 2.365 (0.7416) | 0.962, 1.077 | 0.0654 | 0.8811 | +9.9e-06, -1.0e-04 | 3.2437 (2.4e-04), 3.4404 (6.5e-05) | +1.212 | 0.00e+00 | ok
  w2=0.55 nu=2.4 eps=0.01 sigma=32.0 | False | +3.131e-02 | +3.205e-02 | +1.41e-02 | 3.33e-03 (1.0e-02) | 2.360 (0.7416) | 0.963, 1.077 | 0.0199 | 0.9655 | +2.7e-06, -2.8e-05 | 1.6800 (8.3e-05), 1.5619 (8.1e-05) | +0.391 | 0.00e+00 | ok
  w2=0.55 nu=2.425 eps=0.01 sigma=32.0 | False | +1.768e-03 | +1.807e-03 | +8.54e-04 | 3.05e-03 (1.0e-02) | 2.284 (0.7416) | 0.970, 1.066 | 0.0021 | 0.9971 | +1.1e-07, -1.4e-06 | 1.6227 (6.7e-05), 1.7436 (1.8e-05) | +0.001 | 0.00e+00 | ok
  w2=0.55 nu=2.45 eps=0.01 sigma=32.0 | False | +1.534e-03 | +1.514e-03 | +1.77e-03 | -7.07e-04 (1.0e-02) | 1.091 (0.7416) | 1.154, 0.680 | 0.0003 | 0.9981 | -6.3e-07, -1.8e-06 | 1.7419 (8.5e-05), 1.6203 (2.3e-06) | +0.000 | 0.00e+00 | ok
  w2=0.55 nu=2.475 eps=0.01 sigma=32.0 | False | +1.419e-02 | +1.403e-02 | +1.57e-02 | -4.86e-04 (1.0e-02) | 0.949 (0.7416) | 1.099, 0.685 | -0.0012 | 0.9863 | -3.5e-06, -1.8e-05 | 1.7412 (1.7e-04), 1.5705 (3.1e-07) | +0.100 | 0.00e+00 | ok
  w2=0.55 nu=2.5 eps=0.01 sigma=32.0 | True  | +4.506e-02 | +4.481e-02 | +4.70e-02 | -2.01e-04 (1.0e-02) | 0.824 (0.7416) | 1.041, 0.758 | -0.0036 | 0.9576 | -4.2e-06, -5.6e-05 | 1.7415 (1.6e-04), 1.9152 (2.5e-07) | +0.200 | 1.22e-01 | ok
  w2=0.55 nu=2.525 eps=0.01 sigma=32.0 | True  | +6.699e-02 | +6.691e-02 | +6.75e-02 | -3.58e-05 (1.0e-02) | 0.756 (0.7416) | 1.007, 0.889 | -0.0039 | 0.9366 | -1.1e-06, -8.2e-05 | 1.7422 (7.5e-05), 1.3833 (2.8e-07) | +0.211 | 8.99e-02 | ok
  w2=0.55 nu=2.55 eps=0.01 sigma=32.0 | True  | +7.098e-02 | +7.097e-02 | +7.10e-02 | -1.65e-06 (1.0e-02) | 0.743 (0.7416) | 1.000, 0.980 | -0.0026 | 0.9316 | -6.7e-08, -8.8e-05 | 1.7416 (1.7e-05), 0.5091 (7.9e-07) | +0.231 | 7.95e-02 | ok
  w2=0.55 nu=2.575 eps=0.01 sigma=32.0 | True  | +6.957e-02 | +6.957e-02 | +6.96e-02 | -1.38e-08 (1.0e-02) | 0.742 (0.7416) | 1.000, 0.999 | -0.0016 | 0.9320 | -7.6e-09, -8.8e-05 | 0.0354 (1.4e-04), 1.7405 (1.6e-06) | +0.206 | 7.39e-02 | ok
  w2=0.55 nu=2.6 eps=0.01 sigma=32.0 | True  | +6.737e-02 | +6.737e-02 | +6.74e-02 | -6.91e-12 (1.0e-02) | 0.742 (0.7416) | 1.000, 1.000 | -0.0010 | 0.9337 | -7.0e-09, -8.7e-05 | 0.0353 (1.4e-04), 1.3792 (5.1e-07) | +0.200 | 7.01e-02 | ok
  w2=0.55 nu=2.625 eps=0.01 sigma=32.0 | True  | +6.511e-02 | +6.511e-02 | +6.51e-02 | 5.59e-12 (1.0e-02) | 0.742 (0.7416) | 1.000, 1.000 | -0.0007 | 0.9356 | -7.0e-09, -8.5e-05 | 1.3776 (3.2e-07), 1.4358 (1.3e-07) | +0.200 | 6.72e-02 | ok
  w2=0.55 nu=2.65 eps=0.01 sigma=32.0 | True  | +6.293e-02 | +6.293e-02 | +6.29e-02 | 1.28e-11 (1.0e-02) | 0.742 (0.7416) | 1.000, 1.000 | -0.0005 | 0.9376 | -7.0e-09, -8.3e-05 | 1.3775 (5.0e-07), 1.4519 (1.1e-07) | +0.200 | 6.48e-02 | ok
  w2=0.55 nu=2.675 eps=0.01 sigma=32.0 | True  | +6.087e-02 | +6.087e-02 | +6.09e-02 | 1.48e-11 (1.0e-02) | 0.742 (0.7416) | 1.000, 1.000 | -0.0003 | 0.9395 | -7.0e-09, -8.2e-05 | 1.3799 (3.0e-07) | +0.200 | 6.26e-02 | ok
  w2=0.55 nu=2.7 eps=0.01 sigma=32.0 | True  | +5.893e-02 | +5.893e-02 | +5.89e-02 | 1.97e-11 (1.0e-02) | 0.742 (0.7416) | 1.000, 1.000 | -0.0002 | 0.9413 | -7.0e-09, -8.1e-05 | 1.3779 (4.9e-07) | +0.200 | 6.06e-02 | ok
  w2=0.55 nu=2.725 eps=0.01 sigma=32.0 | True  | +5.711e-02 | +5.711e-02 | +5.71e-02 | 1.68e-11 (1.0e-02) | 0.742 (0.7416) | 1.000, 1.000 | -0.0002 | 0.9431 | -7.0e-09, -7.9e-05 | 1.3726 (4.3e-07), 1.4495 (8.8e-08) | +0.200 | 5.88e-02 | ok
  w2=0.55 nu=2.75 eps=0.01 sigma=32.0 | True  | +5.539e-02 | +5.539e-02 | +5.54e-02 | 2.03e-11 (1.0e-02) | 0.742 (0.7416) | 1.000, 1.000 | -0.0001 | 0.9447 | -7.0e-09, -7.8e-05 | 1.3728 (3.1e-07), 1.2899 (9.5e-08) | +0.200 | 5.71e-02 | ok
  w2=0.55 nu=2.775 eps=0.01 sigma=32.0 | True  | +5.376e-02 | +5.376e-02 | +5.38e-02 | 1.91e-11 (1.0e-02) | 0.742 (0.7416) | 1.000, 1.000 | -0.0001 | 0.9463 | -7.0e-09, -7.7e-05 | 1.3829 (3.1e-07), 1.2890 (8.0e-08) | +0.200 | 5.54e-02 | ok
  w2=0.55 nu=2.8 eps=0.01 sigma=32.0 | True  | +5.222e-02 | +5.222e-02 | +5.22e-02 | 1.82e-11 (1.0e-02) | 0.742 (0.7416) | 1.000, 1.000 | -0.0001 | 0.9479 | -7.0e-09, -7.6e-05 | 1.3829 (3.5e-07), 1.2902 (6.9e-08) | +0.200 | 5.39e-02 | ok
  Raster w2 = 0.55, sigma = 8.0: Spitze unter der Schwelle bei nu = 2.1208 (Vorhersage 2.1183, Abweichung +0.0024), C = 9.367e-02, FWHM 0.198; kleinstes C zwischen Spitze + 0,1 und Schwelle 3.69e-02; erster Wert ueber der Schwelle (2.483) 4.426e-02
    nu: C_nach | kappa | dE/dQ -> 1.900: 1.60e-03 | 1.0e-02 | 2.12; 1.925: 3.87e-03 | 1.0e-02 | 2.11; 1.950: 8.39e-03 | 1.0e-02 | 2.11; 1.975: 1.63e-02 | 1.0e-02 | 2.12; 2.000: 2.84e-02 | 1.0e-02 | 2.12; 2.025: 4.45e-02 | 1.0e-02 | 2.12; 2.050: 6.27e-02 | 1.0e-02 | 2.12; 2.075: 7.92e-02 | 1.0e-02 | 2.12; 2.100: 9.06e-02 | 1.0e-02 | 2.12; 2.125: 9.37e-02 | 1.0e-02 | 2.12; 2.150: 8.74e-02 | 9.9e-03 | 2.12; 2.175: 7.51e-02 | 9.7e-03 | 2.12; 2.200: 6.00e-02 | 9.1e-03 | 2.14; 2.225: 4.71e-02 | 7.9e-03 | 2.16; 2.250: 3.92e-02 | 6.3e-03 | 2.21; 2.275: 3.69e-02 | 4.9e-03 | 2.27; 2.300: 3.90e-02 | 3.9e-03 | 2.31; 2.325: 4.31e-02 | 3.4e-03 | 2.32; 2.350: 4.67e-02 | 3.1e-03 | 2.30; 2.375: 4.82e-02 | 2.8e-03 | 2.26; 2.400: 4.73e-02 | 2.3e-03 | 2.17; 2.425: 4.51e-02 | 1.8e-03 | 2.03; 2.450: 4.32e-02 | 1.1e-03 | 1.82; 2.475: 4.27e-02 | 5.5e-04 | 1.56; 2.500: 4.43e-02 | 1.2e-04 | 1.32; 2.525: 4.75e-02 | -1.1e-04 | 1.12; 2.550: 5.15e-02 | -1.9e-04 | 0.98; 2.575: 5.52e-02 | -1.9e-04 | 0.89; 2.600: 5.80e-02 | -1.5e-04 | 0.84; 2.625: 5.96e-02 | -1.1e-04 | 0.80; 2.650: 6.00e-02 | -6.6e-05 | 0.77; 2.675: 5.95e-02 | -3.8e-05 | 0.76; 2.700: 5.84e-02 | -2.0e-05 | 0.75; 2.725: 5.70e-02 | -9.1e-06 | 0.75; 2.750: 5.55e-02 | -3.7e-06 | 0.74; 2.775: 5.39e-02 | -1.2e-06 | 0.74; 2.800: 5.24e-02 | -1.9e-07 | 0.74
  Raster w2 = 0.55, sigma = 32.0: Spitze unter der Schwelle bei nu = 2.1244 (Vorhersage 2.1183, Abweichung +0.0061), C = 1.313e-01, FWHM 0.044; kleinstes C zwischen Spitze + 0,1 und Schwelle 1.78e-05; erster Wert ueber der Schwelle (2.483) 4.506e-02
    nu: C_nach | kappa | dE/dQ -> 1.900: 6.94e-06 | -1.1e-08 | 0.76; 1.925: 8.12e-06 | 5.7e-08 | 0.76; 1.950: 6.11e-06 | -4.0e-07 | 0.78; 1.975: 3.87e-06 | -6.3e-06 | 0.82; 2.000: 4.62e-06 | -7.4e-06 | 0.86; 2.025: 6.96e-06 | 6.3e-04 | 1.11; 2.050: 1.83e-04 | 7.2e-03 | 1.94; 2.075: 7.03e-03 | 9.2e-03 | 2.08; 2.100: 5.98e-02 | 8.9e-03 | 2.07; 2.125: 1.31e-01 | 8.6e-03 | 2.06; 2.150: 5.28e-02 | 9.1e-03 | 2.08; 2.175: 3.11e-03 | 8.8e-03 | 2.04; 2.200: 8.67e-05 | 2.3e-03 | 1.32; 2.225: 2.98e-05 | 3.0e-05 | 0.76; 2.250: 1.96e-05 | 4.6e-06 | 0.75; 2.275: 1.78e-05 | 6.1e-04 | 1.12; 2.300: 5.34e-04 | 3.2e-03 | 2.33; 2.325: 1.43e-02 | 3.3e-03 | 2.36; 2.350: 8.43e-02 | 3.3e-03 | 2.36; 2.375: 1.15e-01 | 3.3e-03 | 2.37; 2.400: 3.13e-02 | 3.3e-03 | 2.36; 2.425: 1.77e-03 | 3.1e-03 | 2.28; 2.450: 1.53e-03 | -7.1e-04 | 1.09; 2.475: 1.42e-02 | -4.9e-04 | 0.95; 2.500: 4.51e-02 | -2.0e-04 | 0.82; 2.525: 6.70e-02 | -3.6e-05 | 0.76; 2.550: 7.10e-02 | -1.7e-06 | 0.74; 2.575: 6.96e-02 | -1.4e-08 | 0.74; 2.600: 6.74e-02 | -6.9e-12 | 0.74; 2.625: 6.51e-02 | 5.6e-12 | 0.74; 2.650: 6.29e-02 | 1.3e-11 | 0.74; 2.675: 6.09e-02 | 1.5e-11 | 0.74; 2.700: 5.89e-02 | 2.0e-11 | 0.74; 2.725: 5.71e-02 | 1.7e-11 | 0.74; 2.750: 5.54e-02 | 2.0e-11 | 0.74; 2.775: 5.38e-02 | 1.9e-11 | 0.74; 2.800: 5.22e-02 | 1.8e-11 | 0.74
  [fein]
  Lauf | ueber | C_nach | C_R5 | C_Ende | kappa (2 Gamma_1D) | dE/dQ (omega) | Ort 10/20, 40/20 | R | T | Bilanz Q, E | Atmung Omega (Amp) | x Ende | born | plaus
  w2=0.55 nu=1.9 eps=0.01 sigma=8.0  | False | +1.604e-03 | +6.205e-04 | +6.17e-05 | 1.01e-02 (1.0e-02) | 2.116 (0.7416) | 0.877, 1.253 | 0.0039 | 0.9960 | +2.1e-08, -5.7e-06 | 1.3759 (8.2e-04), 0.2606 (1.1e-06) | +0.000 | 0.00e+00 | ok
  w2=0.55 nu=1.925 eps=0.01 sigma=8.0 | False | +3.912e-03 | +1.493e-03 | +1.40e-04 | 1.01e-02 (1.0e-02) | 2.116 (0.7416) | 0.895, 1.257 | 0.0063 | 0.9935 | +4.7e-08, -8.7e-06 | 1.3773 (1.2e-03), 0.2608 (1.2e-06) | +0.000 | 0.00e+00 | ok
  w2=0.55 nu=1.95 eps=0.01 sigma=8.0 | False | +8.490e-03 | +3.238e-03 | +2.98e-04 | 1.01e-02 (1.0e-02) | 2.116 (0.7416) | 0.897, 1.254 | 0.0107 | 0.9890 | +9.8e-08, -1.3e-05 | 1.3776 (1.9e-03), 0.2609 (1.3e-06) | +0.014 | 0.00e+00 | ok
  w2=0.55 nu=1.975 eps=0.01 sigma=8.0 | False | +1.649e-02 | +6.288e-03 | +5.72e-04 | 1.01e-02 (1.0e-02) | 2.117 (0.7416) | 0.891, 1.253 | 0.0179 | 0.9815 | +1.8e-07, -1.7e-05 | 1.3767 (2.8e-03), 2.7535 (2.6e-06) | +0.050 | 0.00e+00 | ok
  w2=0.55 nu=2.0 eps=0.01 sigma=8.0  | False | +2.868e-02 | +1.089e-02 | +9.93e-04 | 1.01e-02 (1.0e-02) | 2.118 (0.7416) | 0.888, 1.255 | 0.0283 | 0.9706 | +3.1e-07, -2.2e-05 | 1.3759 (3.5e-03), 2.7530 (4.0e-06) | +0.050 | 0.00e+00 | ok
  w2=0.55 nu=2.025 eps=0.01 sigma=8.0 | False | +4.477e-02 | +1.692e-02 | +1.55e-03 | 1.01e-02 (1.0e-02) | 2.117 (0.7416) | 0.890, 1.258 | 0.0415 | 0.9568 | +4.8e-07, -2.7e-05 | 1.3763 (4.0e-03), 0.0310 (3.4e-05) | +0.100 | 0.00e+00 | ok
  w2=0.55 nu=2.05 eps=0.01 sigma=8.0 | False | +6.281e-02 | +2.377e-02 | +2.19e-03 | 1.01e-02 (1.0e-02) | 2.117 (0.7416) | 0.893, 1.261 | 0.0556 | 0.9420 | +6.6e-07, -3.1e-05 | 1.3777 (5.1e-03), 0.0488 (3.5e-05) | +0.150 | 0.00e+00 | ok
  w2=0.55 nu=2.075 eps=0.01 sigma=8.0 | False | +7.893e-02 | +2.990e-02 | +2.78e-03 | 1.01e-02 (1.0e-02) | 2.117 (0.7416) | 0.893, 1.261 | 0.0679 | 0.9290 | +8.2e-07, -3.4e-05 | 1.3776 (5.9e-03), 0.0553 (3.4e-05) | +0.179 | 0.00e+00 | ok
  w2=0.55 nu=2.1 eps=0.01 sigma=8.0  | False | +8.988e-02 | +3.393e-02 | +3.19e-03 | 1.01e-02 (1.0e-02) | 2.117 (0.7416) | 0.892, 1.260 | 0.0755 | 0.9210 | +9.2e-07, -3.6e-05 | 1.3768 (6.6e-03), 0.0653 (3.5e-05) | +0.200 | 0.00e+00 | ok
  w2=0.55 nu=2.125 eps=0.01 sigma=8.0 | False | +9.249e-02 | +3.494e-02 | +3.34e-03 | 1.00e-02 (1.0e-02) | 2.118 (0.7416) | 0.890, 1.258 | 0.0762 | 0.9201 | +9.5e-07, -3.5e-05 | 1.3760 (6.5e-03), 0.0665 (3.6e-05) | +0.200 | 0.00e+00 | ok
  w2=0.55 nu=2.15 eps=0.01 sigma=8.0 | False | +8.592e-02 | +3.279e-02 | +3.30e-03 | 9.92e-03 (1.0e-02) | 2.120 (0.7416) | 0.890, 1.255 | 0.0701 | 0.9263 | +8.9e-07, -3.3e-05 | 1.3759 (6.0e-03), 0.0599 (3.2e-05) | +0.200 | 0.00e+00 | ok
  w2=0.55 nu=2.175 eps=0.01 sigma=8.0 | False | +7.350e-02 | +2.848e-02 | +3.26e-03 | 9.64e-03 (1.0e-02) | 2.126 (0.7416) | 0.894, 1.249 | 0.0591 | 0.9374 | +8.0e-07, -3.0e-05 | 1.3772 (5.2e-03), 0.0528 (3.6e-05) | +0.154 | 0.00e+00 | ok
  w2=0.55 nu=2.2 eps=0.01 sigma=8.0  | False | +5.863e-02 | +2.385e-02 | +3.52e-03 | 9.01e-03 (1.0e-02) | 2.139 (0.7416) | 0.899, 1.240 | 0.0463 | 0.9500 | +7.1e-07, -2.6e-05 | 1.3776 (4.8e-03), 0.0425 (2.8e-05) | +0.143 | 0.00e+00 | ok
  w2=0.55 nu=2.225 eps=0.01 sigma=8.0 | False | +4.602e-02 | +2.069e-02 | +4.38e-03 | 7.82e-03 (1.0e-02) | 2.169 (0.7416) | 0.909, 1.219 | 0.0347 | 0.9607 | +7.0e-07, -2.2e-05 | 1.3776 (4.1e-03), 1.6564 (1.5e-05) | +0.100 | 0.00e+00 | ok
  w2=0.55 nu=2.25 eps=0.01 sigma=8.0 | False | +3.858e-02 | +2.010e-02 | +6.01e-03 | 6.22e-03 (1.0e-02) | 2.218 (0.7416) | 0.923, 1.183 | 0.0262 | 0.9675 | +7.8e-07, -1.8e-05 | 1.3769 (3.4e-03), 1.6483 (1.7e-05) | +0.098 | 0.00e+00 | ok
  w2=0.55 nu=2.275 eps=0.01 sigma=8.0 | False | +3.660e-02 | +2.221e-02 | +8.35e-03 | 4.78e-03 (1.0e-02) | 2.273 (0.7416) | 0.941, 1.139 | 0.0216 | 0.9698 | +9.5e-07, -1.5e-05 | 1.3764 (2.5e-03), 1.5982 (2.0e-05) | +0.083 | 0.00e+00 | ok
  w2=0.55 nu=2.3 eps=0.01 sigma=8.0  | False | +3.889e-02 | +2.616e-02 | +1.12e-02 | 3.87e-03 (1.0e-02) | 2.310 (0.7416) | 0.956, 1.104 | 0.0199 | 0.9686 | +1.2e-06, -1.3e-05 | 1.3760 (1.8e-03), 1.6473 (2.1e-05) | +0.086 | 0.00e+00 | ok
  w2=0.55 nu=2.325 eps=0.01 sigma=8.0 | False | +4.300e-02 | +3.069e-02 | +1.41e-02 | 3.37e-03 (1.0e-02) | 2.318 (0.7416) | 0.967, 1.079 | 0.0197 | 0.9658 | +1.4e-06, -1.2e-05 | 1.3759 (1.2e-03), 1.7442 (2.5e-05) | +0.094 | 0.00e+00 | ok
  w2=0.55 nu=2.35 eps=0.01 sigma=8.0 | False | +4.648e-02 | +3.445e-02 | +1.69e-02 | 3.05e-03 (1.0e-02) | 2.300 (0.7416) | 0.977, 1.060 | 0.0196 | 0.9631 | +1.5e-06, -1.1e-05 | 1.3761 (7.1e-04), 1.7435 (3.5e-05) | +0.098 | 0.00e+00 | ok
  w2=0.55 nu=2.375 eps=0.01 sigma=8.0 | False | +4.781e-02 | +3.674e-02 | +1.95e-02 | 2.72e-03 (1.0e-02) | 2.252 (0.7416) | 0.989, 1.037 | 0.0186 | 0.9615 | +1.4e-06, -1.1e-05 | 1.3770 (4.2e-04), 1.7430 (4.5e-05) | +0.098 | 0.00e+00 | ok
  w2=0.55 nu=2.4 eps=0.01 sigma=8.0  | False | +4.688e-02 | +3.771e-02 | +2.23e-02 | 2.28e-03 (1.0e-02) | 2.161 (0.7416) | 1.006, 1.003 | 0.0163 | 0.9612 | +1.3e-06, -1.0e-05 | 1.3776 (2.6e-04), 1.7425 (5.4e-05) | +0.094 | 0.00e+00 | ok
  w2=0.55 nu=2.425 eps=0.01 sigma=8.0 | False | +4.474e-02 | +3.830e-02 | +2.58e-02 | 1.72e-03 (1.0e-02) | 2.010 (0.7416) | 1.028, 0.951 | 0.0129 | 0.9612 | +9.4e-07, -1.0e-05 | 1.3776 (1.5e-04), 1.7418 (6.1e-05) | +0.080 | 0.00e+00 | ok
  w2=0.55 nu=2.45 eps=0.01 sigma=8.0 | False | +4.295e-02 | +3.952e-02 | +3.04e-02 | 1.09e-03 (1.0e-02) | 1.792 (0.7416) | 1.053, 0.879 | 0.0091 | 0.9605 | +5.8e-07, -1.1e-05 | 1.3773 (8.2e-05), 1.7416 (6.4e-05) | +0.061 | 0.00e+00 | ok
  w2=0.55 nu=2.475 eps=0.01 sigma=8.0 | False | +4.271e-02 | +4.202e-02 | +3.60e-02 | 5.10e-04 (1.0e-02) | 1.535 (0.7416) | 1.072, 0.799 | 0.0055 | 0.9586 | +2.5e-07, -1.2e-05 | 1.7422 (6.2e-05), 1.3769 (4.1e-05) | +0.050 | 0.00e+00 | ok
  w2=0.55 nu=2.5 eps=0.01 sigma=8.0  | True  | +4.445e-02 | +4.578e-02 | +4.23e-02 | 1.04e-04 (1.0e-02) | 1.291 (0.7416) | 1.080, 0.729 | 0.0027 | 0.9552 | -4.5e-09, -1.4e-05 | 1.7432 (6.5e-05), 1.3765 (1.9e-05) | +0.050 | 1.22e-01 | ok
  w2=0.55 nu=2.525 eps=0.01 sigma=8.0 | True  | +4.774e-02 | +5.022e-02 | +4.84e-02 | -1.12e-04 (1.0e-02) | 1.100 (0.7416) | 1.076, 0.683 | 0.0007 | 0.9510 | -1.5e-07, -1.6e-05 | 1.7433 (6.5e-05), 1.6438 (1.5e-05) | +0.050 | 8.99e-02 | ok
  w2=0.55 nu=2.55 eps=0.01 sigma=8.0 | True  | +5.174e-02 | +5.450e-02 | +5.37e-02 | -1.81e-04 (1.0e-02) | 0.967 (0.7416) | 1.063, 0.666 | -0.0004 | 0.9468 | -2.1e-07, -1.7e-05 | 1.7432 (5.9e-05), 1.6450 (1.2e-05) | +0.050 | 7.95e-02 | ok
  w2=0.55 nu=2.575 eps=0.01 sigma=8.0 | True  | +5.534e-02 | +5.787e-02 | +5.76e-02 | -1.78e-04 (1.0e-02) | 0.884 (0.7416) | 1.049, 0.668 | -0.0009 | 0.9434 | -1.9e-07, -1.9e-05 | 1.7427 (5.3e-05), 1.6446 (8.7e-06) | +0.050 | 7.39e-02 | ok
  w2=0.55 nu=2.6 eps=0.01 sigma=8.0  | True  | +5.798e-02 | +5.998e-02 | +5.99e-02 | -1.42e-04 (1.0e-02) | 0.830 (0.7416) | 1.035, 0.685 | -0.0010 | 0.9412 | -1.5e-07, -1.9e-05 | 1.7421 (4.4e-05), 1.6439 (5.7e-06) | +0.050 | 7.01e-02 | ok
  w2=0.55 nu=2.625 eps=0.01 sigma=8.0 | True  | +5.939e-02 | +6.079e-02 | +6.08e-02 | -9.90e-05 (1.0e-02) | 0.795 (0.7416) | 1.024, 0.712 | -0.0009 | 0.9402 | -1.0e-07, -2.0e-05 | 1.7415 (3.4e-05), 1.6430 (3.5e-06) | +0.050 | 6.72e-02 | ok
  w2=0.55 nu=2.65 eps=0.01 sigma=8.0 | True  | +5.970e-02 | +6.056e-02 | +6.06e-02 | -6.10e-05 (1.0e-02) | 0.772 (0.7416) | 1.014, 0.751 | -0.0008 | 0.9402 | -6.1e-08, -2.0e-05 | 1.7414 (2.6e-05), 0.2587 (2.9e-06) | +0.050 | 6.48e-02 | ok
  w2=0.55 nu=2.675 eps=0.01 sigma=8.0 | True  | +5.911e-02 | +5.960e-02 | +5.96e-02 | -3.48e-05 (1.0e-02) | 0.758 (0.7416) | 1.008, 0.789 | -0.0006 | 0.9410 | -3.2e-08, -2.0e-05 | 1.7410 (1.8e-05), 0.2587 (3.1e-06) | +0.050 | 6.26e-02 | ok
  w2=0.55 nu=2.7 eps=0.01 sigma=8.0  | True  | +5.797e-02 | +5.822e-02 | +5.82e-02 | -1.80e-05 (1.0e-02) | 0.750 (0.7416) | 1.004, 0.827 | -0.0004 | 0.9422 | -1.5e-08, -2.0e-05 | 1.7412 (1.2e-05), 0.2590 (2.8e-06) | +0.050 | 6.06e-02 | ok
  w2=0.55 nu=2.725 eps=0.01 sigma=8.0 | True  | +5.654e-02 | +5.665e-02 | +5.67e-02 | -8.16e-06 (1.0e-02) | 0.746 (0.7416) | 1.002, 0.869 | -0.0003 | 0.9436 | -6.2e-09, -2.0e-05 | 1.7411 (7.5e-06), 0.2594 (2.6e-06) | +0.050 | 5.88e-02 | ok
  w2=0.55 nu=2.75 eps=0.01 sigma=8.0 | True  | +5.499e-02 | +5.503e-02 | +5.50e-02 | -3.34e-06 (1.0e-02) | 0.743 (0.7416) | 1.001, 0.900 | -0.0002 | 0.9452 | -1.9e-09, -1.9e-05 | 1.7422 (4.5e-06), 0.2594 (2.9e-06) | +0.050 | 5.71e-02 | ok
  w2=0.55 nu=2.775 eps=0.01 sigma=8.0 | True  | +5.342e-02 | +5.343e-02 | +5.34e-02 | -1.07e-06 (1.0e-02) | 0.742 (0.7416) | 1.000, 0.930 | -0.0001 | 0.9467 | -6.9e-11, -1.9e-05 | 0.2586 (3.1e-06), 1.7421 (2.6e-06) | +0.050 | 5.54e-02 | ok
  w2=0.55 nu=2.8 eps=0.01 sigma=8.0  | True  | +5.189e-02 | +5.189e-02 | +5.19e-02 | -1.67e-07 (1.0e-02) | 0.742 (0.7416) | 1.000, 0.950 | -0.0001 | 0.9482 | +7.3e-10, -1.9e-05 | 0.2589 (2.6e-06), 1.7427 (1.6e-06) | +0.050 | 5.39e-02 | ok
  w2=0.55 nu=1.9 eps=0.01 sigma=32.0 | False | +6.935e-06 | +6.934e-06 | +6.94e-06 | -3.35e-08 (1.0e-02) | 0.760 (0.7416) | 1.000, 0.999 | 0.0020 | 0.9980 | -3.7e-09, -1.4e-09 | 0.2579 (3.6e-09), 1.3775 (9.3e-10) | +0.000 | 0.00e+00 | ok
  w2=0.55 nu=1.925 eps=0.01 sigma=32.0 | False | +8.097e-06 | +8.095e-06 | +8.10e-06 | -2.75e-08 (1.0e-02) | 0.762 (0.7416) | 1.000, 0.999 | 0.0022 | 0.9978 | -3.7e-09, -2.1e-09 | 1.3773 (4.8e-08), 0.2566 (2.1e-09) | +0.000 | 0.00e+00 | ok
  w2=0.55 nu=1.95 eps=0.01 sigma=32.0 | False | +6.078e-06 | +6.076e-06 | +6.08e-06 | -8.64e-08 (1.0e-02) | 0.778 (0.7416) | 0.999, 0.999 | 0.0025 | 0.9975 | -3.7e-09, -2.8e-09 | 1.3755 (8.5e-08), 0.2564 (2.1e-09) | +0.000 | 0.00e+00 | ok
  w2=0.55 nu=1.975 eps=0.01 sigma=32.0 | False | +3.836e-06 | +3.836e-06 | +3.84e-06 | -9.47e-07 (1.0e-02) | 0.828 (0.7416) | 0.991, 1.000 | 0.0029 | 0.9971 | -3.7e-09, -2.7e-09 | 1.3777 (8.0e-07), 0.2538 (2.2e-09) | +0.000 | 0.00e+00 | ok
  w2=0.55 nu=2.0 eps=0.01 sigma=32.0 | False | +4.607e-06 | +4.606e-06 | +4.60e-06 | 4.03e-06 (1.0e-02) | 0.868 (0.7416) | 0.972, 1.000 | 0.0038 | 0.9962 | -3.7e-09, -2.5e-09 | 1.3774 (3.9e-06), 1.0639 (1.5e-08) | +0.050 | 0.00e+00 | ok
  w2=0.55 nu=2.025 eps=0.01 sigma=32.0 | False | +7.146e-06 | +7.288e-06 | +6.32e-06 | 6.19e-04 (1.0e-02) | 1.102 (0.7416) | 0.898, 1.028 | 0.0054 | 0.9946 | -3.7e-09, -8.4e-08 | 1.3755 (4.9e-05), 0.6031 (5.8e-09) | +0.050 | 0.00e+00 | ok
  w2=0.55 nu=2.05 eps=0.01 sigma=32.0 | False | +2.191e-04 | +2.489e-04 | +4.66e-05 | 7.40e-03 (1.0e-02) | 1.967 (0.7416) | 0.905, 1.231 | 0.0105 | 0.9895 | +2.3e-09, -1.4e-06 | 1.3775 (6.8e-04), 2.7525 (1.9e-07) | +0.100 | 0.00e+00 | ok
  w2=0.55 nu=2.075 eps=0.01 sigma=32.0 | False | +8.022e-03 | +9.166e-03 | +1.06e-03 | 9.22e-03 (1.0e-02) | 2.078 (0.7416) | 0.893, 1.250 | 0.0401 | 0.9587 | +2.4e-07, -9.5e-06 | 1.3779 (4.8e-03), 0.1305 (3.6e-05) | +0.440 | 0.00e+00 | ok
  w2=0.55 nu=2.1 eps=0.01 sigma=32.0 | False | +6.375e-02 | +7.201e-02 | +9.17e-03 | 8.88e-03 (1.0e-02) | 2.071 (0.7416) | 0.889, 1.246 | 0.1551 | 0.8351 | +1.9e-06, -2.8e-05 | 1.3762 (1.4e-02), 2.7526 (6.0e-05) | +1.657 | 0.00e+00 | ok
  w2=0.55 nu=2.125 eps=0.01 sigma=32.0 | False | +1.305e-01 | +1.468e-01 | +2.03e-02 | 8.57e-03 (1.0e-02) | 2.063 (0.7416) | 0.889, 1.242 | 0.2528 | 0.7257 | +3.8e-06, -3.9e-05 | 1.3756 (1.8e-02), 2.7552 (1.2e-04) | +2.680 | 0.00e+00 | ok
  w2=0.55 nu=2.15 eps=0.01 sigma=32.0 | False | +4.727e-02 | +5.321e-02 | +6.24e-03 | 9.13e-03 (1.0e-02) | 2.080 (0.7416) | 0.890, 1.249 | 0.1100 | 0.8832 | +1.4e-06, -2.1e-05 | 1.3775 (1.1e-02), 2.7531 (4.7e-05) | +1.220 | 0.00e+00 | ok
  w2=0.55 nu=2.175 eps=0.01 sigma=32.0 | False | +2.563e-03 | +2.864e-03 | +3.84e-04 | 8.66e-03 (1.0e-02) | 2.039 (0.7416) | 0.899, 1.243 | 0.0165 | 0.9831 | +6.9e-08, -4.1e-06 | 1.3779 (2.7e-03), 0.0470 (3.9e-05) | +0.200 | 0.00e+00 | ok
  w2=0.55 nu=2.2 eps=0.01 sigma=32.0 | False | +7.509e-05 | +7.814e-05 | +5.17e-05 | 1.86e-03 (1.0e-02) | 1.226 (0.7416) | 0.966, 1.090 | 0.0042 | 0.9958 | -3.0e-09, -3.4e-07 | 1.3769 (2.9e-04), 2.7538 (2.8e-08) | +0.050 | 0.00e+00 | ok
  w2=0.55 nu=2.225 eps=0.01 sigma=32.0 | False | +2.936e-05 | +2.938e-05 | +2.93e-05 | 1.13e-05 (1.0e-02) | 0.755 (0.7416) | 0.995, 1.001 | 0.0022 | 0.9978 | -3.7e-09, +1.2e-08 | 1.3757 (1.2e-05), 1.6206 (1.9e-08) | +0.037 | 0.00e+00 | ok
  w2=0.55 nu=2.25 eps=0.01 sigma=32.0 | False | +1.959e-05 | +1.960e-05 | +1.96e-05 | 3.46e-06 (1.0e-02) | 0.751 (0.7416) | 0.999, 1.000 | 0.0016 | 0.9984 | -3.7e-09, +2.0e-08 | 1.3759 (1.8e-06), 1.6215 (7.1e-08) | +0.000 | 0.00e+00 | ok
  w2=0.55 nu=2.275 eps=0.01 sigma=32.0 | False | +1.975e-05 | +1.993e-05 | +1.65e-05 | 8.22e-04 (1.0e-02) | 1.244 (0.7416) | 0.987, 1.019 | 0.0015 | 0.9985 | -3.5e-09, +1.3e-08 | 1.6233 (1.4e-06), 1.3779 (3.9e-07) | +0.000 | 0.00e+00 | ok
  w2=0.55 nu=2.3 eps=0.01 sigma=32.0 | False | +7.063e-04 | +7.265e-04 | +3.28e-04 | 3.25e-03 (1.0e-02) | 2.338 (0.7416) | 0.965, 1.076 | 0.0024 | 0.9972 | +2.6e-08, -1.5e-07 | 1.6207 (1.4e-05), 3.2430 (4.9e-06) | +0.050 | 0.00e+00 | ok
  w2=0.55 nu=2.325 eps=0.01 sigma=32.0 | False | +1.703e-02 | +1.752e-02 | +7.76e-03 | 3.32e-03 (1.0e-02) | 2.362 (0.7416) | 0.964, 1.076 | 0.0136 | 0.9784 | +7.3e-07, -3.8e-06 | 3.2429 (3.5e-05), 3.1695 (1.7e-05) | +0.245 | 0.00e+00 | ok
  w2=0.55 nu=2.35 eps=0.01 sigma=32.0 | False | +8.999e-02 | +9.244e-02 | +4.08e-02 | 3.33e-03 (1.0e-02) | 2.364 (0.7416) | 0.963, 1.077 | 0.0537 | 0.9042 | +3.8e-06, -1.9e-05 | 3.2448 (1.8e-04), 4.1396 (1.4e-05) | +0.984 | 0.00e+00 | ok
  w2=0.55 nu=2.375 eps=0.01 sigma=32.0 | False | +1.099e-01 | +1.129e-01 | +4.97e-02 | 3.33e-03 (1.0e-02) | 2.365 (0.7416) | 0.963, 1.077 | 0.0625 | 0.8863 | +4.7e-06, -2.3e-05 | 3.2428 (2.4e-04), 4.8329 (1.3e-05) | +1.159 | 0.00e+00 | ok
  w2=0.55 nu=2.4 eps=0.01 sigma=32.0 | False | +2.645e-02 | +2.707e-02 | +1.20e-02 | 3.31e-03 (1.0e-02) | 2.360 (0.7416) | 0.964, 1.076 | 0.0171 | 0.9705 | +1.1e-06, -5.7e-06 | 3.2442 (5.0e-05), 3.3475 (1.7e-05) | +0.333 | 0.00e+00 | ok
  w2=0.55 nu=2.425 eps=0.01 sigma=32.0 | False | +1.373e-03 | +1.403e-03 | +6.93e-04 | 2.89e-03 (1.0e-02) | 2.248 (0.7416) | 0.975, 1.057 | 0.0017 | 0.9976 | +4.6e-08, -2.6e-07 | 1.7437 (2.2e-05), 1.6107 (1.6e-05) | +0.050 | 0.00e+00 | ok
  w2=0.55 nu=2.45 eps=0.01 sigma=32.0 | False | +1.955e-03 | +1.929e-03 | +2.26e-03 | -7.02e-04 (1.0e-02) | 1.072 (0.7416) | 1.150, 0.676 | 0.0002 | 0.9977 | -3.8e-07, -5.3e-07 | 1.7418 (9.4e-05), 1.6199 (2.1e-06) | +0.000 | 0.00e+00 | ok
  w2=0.55 nu=2.475 eps=0.01 sigma=32.0 | False | +1.640e-02 | +1.622e-02 | +1.80e-02 | -4.55e-04 (1.0e-02) | 0.935 (0.7416) | 1.093, 0.690 | -0.0014 | 0.9843 | -1.8e-06, -4.8e-06 | 1.7412 (1.8e-04), 1.3855 (3.8e-08) | +0.050 | 0.00e+00 | ok
  w2=0.55 nu=2.5 eps=0.01 sigma=32.0 | True  | +4.779e-02 | +4.756e-02 | +4.96e-02 | -1.77e-04 (1.0e-02) | 0.814 (0.7416) | 1.036, 0.771 | -0.0038 | 0.9551 | -1.9e-06, -1.4e-05 | 1.7413 (1.6e-04), 0.0578 (3.3e-05) | +0.180 | 1.22e-01 | ok
  w2=0.55 nu=2.525 eps=0.01 sigma=32.0 | True  | +6.768e-02 | +6.761e-02 | +6.81e-02 | -2.84e-05 (1.0e-02) | 0.753 (0.7416) | 1.006, 0.903 | -0.0038 | 0.9359 | -4.4e-07, -2.1e-05 | 1.7420 (6.7e-05), 0.0755 (3.6e-05) | +0.242 | 8.99e-02 | ok
  w2=0.55 nu=2.55 eps=0.01 sigma=32.0 | True  | +7.066e-02 | +7.066e-02 | +7.07e-02 | -1.14e-06 (1.0e-02) | 0.742 (0.7416) | 1.000, 0.984 | -0.0025 | 0.9318 | -2.4e-08, -2.2e-05 | 0.0764 (3.5e-05), 1.7415 (1.4e-05) | +0.247 | 7.95e-02 | ok
  w2=0.55 nu=2.575 eps=0.01 sigma=32.0 | True  | +6.908e-02 | +6.908e-02 | +6.91e-02 | -8.32e-09 (1.0e-02) | 0.742 (0.7416) | 1.000, 0.999 | -0.0015 | 0.9325 | -3.9e-09, -2.2e-05 | 0.0736 (3.7e-05), 0.1475 (8.4e-06) | +0.235 | 7.39e-02 | ok
  w2=0.55 nu=2.6 eps=0.01 sigma=32.0 | True  | +6.684e-02 | +6.684e-02 | +6.68e-02 | -2.35e-11 (1.0e-02) | 0.742 (0.7416) | 1.000, 1.000 | -0.0010 | 0.9342 | -3.7e-09, -2.2e-05 | 0.0714 (3.8e-05), 0.1421 (9.3e-06) | +0.220 | 7.01e-02 | ok
  w2=0.55 nu=2.625 eps=0.01 sigma=32.0 | True  | +6.458e-02 | +6.458e-02 | +6.46e-02 | -6.84e-12 (1.0e-02) | 0.742 (0.7416) | 1.000, 1.000 | -0.0007 | 0.9361 | -3.8e-09, -2.1e-05 | 0.0689 (3.7e-05), 0.1367 (9.2e-06) | +0.205 | 6.72e-02 | ok
  w2=0.55 nu=2.65 eps=0.01 sigma=32.0 | True  | +6.240e-02 | +6.240e-02 | +6.24e-02 | -3.30e-12 (1.0e-02) | 0.742 (0.7416) | 1.000, 1.000 | -0.0005 | 0.9381 | -3.8e-09, -2.1e-05 | 0.0664 (3.7e-05), 0.1294 (8.3e-06) | +0.200 | 6.48e-02 | ok
  w2=0.55 nu=2.675 eps=0.01 sigma=32.0 | True  | +6.035e-02 | +6.035e-02 | +6.03e-02 | -1.28e-12 (1.0e-02) | 0.742 (0.7416) | 1.000, 1.000 | -0.0003 | 0.9400 | -3.8e-09, -2.0e-05 | 0.0645 (3.6e-05), 0.1892 (4.3e-06) | +0.200 | 6.26e-02 | ok
  w2=0.55 nu=2.7 eps=0.01 sigma=32.0 | True  | +5.842e-02 | +5.842e-02 | +5.84e-02 | -4.42e-13 (1.0e-02) | 0.742 (0.7416) | 1.000, 1.000 | -0.0002 | 0.9418 | -3.8e-09, -2.0e-05 | 0.0625 (3.4e-05), 0.1061 (9.2e-06) | +0.199 | 6.06e-02 | ok
  w2=0.55 nu=2.725 eps=0.01 sigma=32.0 | True  | +5.660e-02 | +5.660e-02 | +5.66e-02 | 6.26e-13 (1.0e-02) | 0.742 (0.7416) | 1.000, 1.000 | -0.0002 | 0.9436 | -3.8e-09, -2.0e-05 | 0.0600 (3.3e-05), 0.1775 (3.7e-06) | +0.189 | 5.88e-02 | ok
  w2=0.55 nu=2.75 eps=0.01 sigma=32.0 | True  | +5.489e-02 | +5.489e-02 | +5.49e-02 | -2.33e-13 (1.0e-02) | 0.742 (0.7416) | 1.000, 1.000 | -0.0001 | 0.9452 | -3.8e-09, -1.9e-05 | 0.0572 (3.2e-05), 0.2271 (2.2e-06) | +0.179 | 5.71e-02 | ok
  w2=0.55 nu=2.775 eps=0.01 sigma=32.0 | True  | +5.327e-02 | +5.327e-02 | +5.33e-02 | 1.76e-12 (1.0e-02) | 0.742 (0.7416) | 1.000, 1.000 | -0.0001 | 0.9468 | -3.8e-09, -1.9e-05 | 0.0555 (3.4e-05), 0.2227 (2.1e-06) | +0.169 | 5.54e-02 | ok
  w2=0.55 nu=2.8 eps=0.01 sigma=32.0 | True  | +5.173e-02 | +5.173e-02 | +5.17e-02 | -1.90e-13 (1.0e-02) | 0.742 (0.7416) | 1.000, 1.000 | -0.0001 | 0.9483 | -3.8e-09, -1.9e-05 | 0.0539 (3.5e-05), 0.2685 (1.4e-06) | +0.160 | 5.39e-02 | ok
  Raster w2 = 0.55, sigma = 8.0: Spitze unter der Schwelle bei nu = 2.1196 (Vorhersage 2.1183, Abweichung +0.0013), C = 9.249e-02, FWHM 0.198; kleinstes C zwischen Spitze + 0,1 und Schwelle 3.66e-02; erster Wert ueber der Schwelle (2.483) 4.445e-02
    nu: C_nach | kappa | dE/dQ -> 1.900: 1.60e-03 | 1.0e-02 | 2.12; 1.925: 3.91e-03 | 1.0e-02 | 2.12; 1.950: 8.49e-03 | 1.0e-02 | 2.12; 1.975: 1.65e-02 | 1.0e-02 | 2.12; 2.000: 2.87e-02 | 1.0e-02 | 2.12; 2.025: 4.48e-02 | 1.0e-02 | 2.12; 2.050: 6.28e-02 | 1.0e-02 | 2.12; 2.075: 7.89e-02 | 1.0e-02 | 2.12; 2.100: 8.99e-02 | 1.0e-02 | 2.12; 2.125: 9.25e-02 | 1.0e-02 | 2.12; 2.150: 8.59e-02 | 9.9e-03 | 2.12; 2.175: 7.35e-02 | 9.6e-03 | 2.13; 2.200: 5.86e-02 | 9.0e-03 | 2.14; 2.225: 4.60e-02 | 7.8e-03 | 2.17; 2.250: 3.86e-02 | 6.2e-03 | 2.22; 2.275: 3.66e-02 | 4.8e-03 | 2.27; 2.300: 3.89e-02 | 3.9e-03 | 2.31; 2.325: 4.30e-02 | 3.4e-03 | 2.32; 2.350: 4.65e-02 | 3.0e-03 | 2.30; 2.375: 4.78e-02 | 2.7e-03 | 2.25; 2.400: 4.69e-02 | 2.3e-03 | 2.16; 2.425: 4.47e-02 | 1.7e-03 | 2.01; 2.450: 4.29e-02 | 1.1e-03 | 1.79; 2.475: 4.27e-02 | 5.1e-04 | 1.54; 2.500: 4.45e-02 | 1.0e-04 | 1.29; 2.525: 4.77e-02 | -1.1e-04 | 1.10; 2.550: 5.17e-02 | -1.8e-04 | 0.97; 2.575: 5.53e-02 | -1.8e-04 | 0.88; 2.600: 5.80e-02 | -1.4e-04 | 0.83; 2.625: 5.94e-02 | -9.9e-05 | 0.80; 2.650: 5.97e-02 | -6.1e-05 | 0.77; 2.675: 5.91e-02 | -3.5e-05 | 0.76; 2.700: 5.80e-02 | -1.8e-05 | 0.75; 2.725: 5.65e-02 | -8.2e-06 | 0.75; 2.750: 5.50e-02 | -3.3e-06 | 0.74; 2.775: 5.34e-02 | -1.1e-06 | 0.74; 2.800: 5.19e-02 | -1.7e-07 | 0.74
  Raster w2 = 0.55, sigma = 32.0: Spitze unter der Schwelle bei nu = 2.1236 (Vorhersage 2.1183, Abweichung +0.0053), C = 1.305e-01, FWHM 0.044; kleinstes C zwischen Spitze + 0,1 und Schwelle 1.96e-05; erster Wert ueber der Schwelle (2.483) 4.779e-02
    nu: C_nach | kappa | dE/dQ -> 1.900: 6.94e-06 | -3.3e-08 | 0.76; 1.925: 8.10e-06 | -2.7e-08 | 0.76; 1.950: 6.08e-06 | -8.6e-08 | 0.78; 1.975: 3.84e-06 | -9.5e-07 | 0.83; 2.000: 4.61e-06 | 4.0e-06 | 0.87; 2.025: 7.15e-06 | 6.2e-04 | 1.10; 2.050: 2.19e-04 | 7.4e-03 | 1.97; 2.075: 8.02e-03 | 9.2e-03 | 2.08; 2.100: 6.38e-02 | 8.9e-03 | 2.07; 2.125: 1.31e-01 | 8.6e-03 | 2.06; 2.150: 4.73e-02 | 9.1e-03 | 2.08; 2.175: 2.56e-03 | 8.7e-03 | 2.04; 2.200: 7.51e-05 | 1.9e-03 | 1.23; 2.225: 2.94e-05 | 1.1e-05 | 0.76; 2.250: 1.96e-05 | 3.5e-06 | 0.75; 2.275: 1.97e-05 | 8.2e-04 | 1.24; 2.300: 7.06e-04 | 3.3e-03 | 2.34; 2.325: 1.70e-02 | 3.3e-03 | 2.36; 2.350: 9.00e-02 | 3.3e-03 | 2.36; 2.375: 1.10e-01 | 3.3e-03 | 2.37; 2.400: 2.65e-02 | 3.3e-03 | 2.36; 2.425: 1.37e-03 | 2.9e-03 | 2.25; 2.450: 1.95e-03 | -7.0e-04 | 1.07; 2.475: 1.64e-02 | -4.5e-04 | 0.94; 2.500: 4.78e-02 | -1.8e-04 | 0.81; 2.525: 6.77e-02 | -2.8e-05 | 0.75; 2.550: 7.07e-02 | -1.1e-06 | 0.74; 2.575: 6.91e-02 | -8.3e-09 | 0.74; 2.600: 6.68e-02 | -2.3e-11 | 0.74; 2.625: 6.46e-02 | -6.8e-12 | 0.74; 2.650: 6.24e-02 | -3.3e-12 | 0.74; 2.675: 6.03e-02 | -1.3e-12 | 0.74; 2.700: 5.84e-02 | -4.4e-13 | 0.74; 2.725: 5.66e-02 | 6.3e-13 | 0.74; 2.750: 5.49e-02 | -2.3e-13 | 0.74; 2.775: 5.33e-02 | 1.8e-12 | 0.74; 2.800: 5.17e-02 | -1.9e-13 | 0.74
  L3 (grob gegen fein): C_nach 73 von 76; kappa 53 von 74 definierten
    Raster w2=0.55 sigma=8.0: nu_peak ok (0.362/0.0012)
    Raster w2=0.55 sigma=32.0: nu_peak ok (0.359/0.00079)

Ende 2026-09-30T02:55:19+00:00, Dauer 304.5 s, Torch-Speicher max 385 MB, Fehler: keine
