KF-4 kf4.py v1 (2026-09-30, KF-4, ungetestet), Unterbefehl scan-schnell, Start 2026-09-30T01:27:56+00:00 auf Quadro P4000, torch 2.5.1+cu121
g = 0.002, omega^2 = 0.7, Kante 1 - omega = 0.16334, Resonanz 1.4937, T_MESS 0.25
Zeitplan: t_vor 40.0, t_an 80.0, t_halt je Lauf, t_ab 80.0, t_frei 200.0, t_ende 933.3; Box L 450.0
Dauer [s]: grob 57.6, fein 207.9
R_starr bei k = 0, v = 0 (muss QG-1 geben: A 0,2227, C 1): A 0.2227, C 1.0000
Monopol-Soll je Phi0 (dS/S, domega/omega): A (-3.5642, +0.5918), C (+0.0000, +1.0000)

Bewegte Laeufe (fein; in Klammern grob):
  Lauf | R_mess (grob) | R_starr | D1 (grob) | D1_sin | D2 | W1 | a_com | Gamma | dQ_kern | a_mittel | ring_res (Omega) | ring_kante | ring_rms
   0 A lam 4 v 0.3000 Om 0.4940 g 2e-03 | -0.0873 (-0.0875) | -0.0666 | 1.597e-03 (1.597e-03) | -1.84e-04 | 1.464e-06 | 7.038e-04 | 1.373e-04 | 1.164e+01 | 1.898e-04 | -4.282e-07 | 5.729e-05 (1.4937) | 6.928e-06 | 4.086e-05
   1 A lam 4 v 0.3000 Om 0.4940 g 4e-03 | -0.0872 (-0.0875) | -0.0666 | 3.194e-03 (3.195e-03) | -3.57e-04 | 5.444e-06 | 1.406e-03 | 2.744e-04 | 1.164e+01 | 7.583e-04 | -1.711e-06 | 5.725e-05 (1.4941) | 6.565e-06 | 4.078e-05
   2 C lam 4 v 0.3000 Om 0.4940 g 2e-03 | +0.0128 (+0.0128) | +0.0032 | 1.482e-03 (1.486e-03) | -1.19e-03 | 2.945e-06 | 1.978e-04 | 2.048e-05 | 7.235e+01 | 6.072e-05 | -1.369e-07 | 5.720e-05 (1.4937) | 7.410e-06 | 4.085e-05
   3 C lam 4 v 0.3000 Om 0.4940 g 4e-03 | +0.0128 (+0.0128) | +0.0032 | 2.964e-03 (2.970e-03) | -2.37e-03 | 1.103e-05 | 3.920e-04 | 4.104e-05 | 7.221e+01 | 2.427e-04 | -5.471e-07 | 5.706e-05 (1.4937) | 7.602e-06 | 4.079e-05
   4 0 lam 4 v 0.3000 Om 0.4940 g 0e+00 | -0.0000 (-0.0000) | - | 5.199e-07 (2.031e-06) | -2.08e-07 | 3.828e-07 | 7.171e-07 | 3.576e-08 | 1.454e+01 | 8.967e-09 | -1.956e-10 | 5.733e-05 (1.4937) | 7.240e-06 | 4.093e-05
   5 A lam 4 v 0.4500 Om 0.7915 g 2e-03 | -0.1274 (-0.1281) | -0.0972 | 1.855e-03 (1.860e-03) | -6.80e-04 | 2.454e-06 | 5.727e-04 | 2.012e-04 | 9.223e+00 | 2.319e-04 | -3.887e-07 | 4.247e-05 (1.4937) | 1.435e-05 | 3.194e-05
   6 A lam 4 v 0.4500 Om 0.7915 g 4e-03 | -0.1275 (-0.1281) | -0.0972 | 3.709e-03 (3.715e-03) | -1.34e-03 | 9.331e-06 | 1.123e-03 | 4.029e-04 | 9.206e+00 | 9.268e-04 | -1.549e-06 | 4.247e-05 (1.4941) | 1.434e-05 | 3.198e-05
   7 C lam 4 v 0.4500 Om 0.7915 g 2e-03 | -0.0127 (-0.0129) | -0.0537 | 1.391e-03 (1.390e-03) | -8.45e-04 | 2.137e-06 | 1.081e-04 | 2.387e-05 | 5.828e+01 | 9.574e-05 | -1.617e-07 | 4.249e-05 (1.4937) | 1.438e-05 | 3.196e-05
   8 C lam 4 v 0.4500 Om 0.7915 g 4e-03 | -0.0127 (-0.0128) | -0.0537 | 2.783e-03 (2.784e-03) | -1.69e-03 | 9.466e-06 | 2.126e-04 | 4.759e-05 | 5.848e+01 | 3.828e-04 | -6.406e-07 | 4.252e-05 (1.4941) | 1.438e-05 | 3.201e-05
   9 0 lam 4 v 0.4500 Om 0.7915 g 0e+00 | -0.0001 (-0.0003) | - | 1.288e-06 (5.173e-06) | -3.64e-07 | 3.071e-07 | 1.250e-06 | 1.381e-07 | 9.325e+00 | 3.390e-08 | -2.111e-09 | 4.246e-05 (1.4937) | 1.437e-05 | 3.193e-05
  10 A lam 4 v 0.6000 Om 1.1781 g 2e-03 | -0.2222 (-0.2237) | -0.2265 | 2.203e-03 (2.217e-03) | -1.38e-03 | 4.285e-06 | 7.765e-04 | 3.515e-04 | 6.268e+00 | 2.362e-04 | -1.478e-07 | 2.578e-05 (1.4937) | 3.232e-05 | 3.048e-05
  11 A lam 4 v 0.6000 Om 1.1781 g 4e-03 | -0.2219 (-0.2233) | -0.2265 | 4.403e-03 (4.416e-03) | -2.75e-03 | 1.441e-05 | 1.512e-03 | 7.023e-04 | 6.269e+00 | 9.444e-04 | -6.679e-07 | 2.353e-05 (1.4941) | 3.294e-05 | 3.000e-05
  12 C lam 4 v 0.6000 Om 1.1781 g 2e-03 | -0.0686 (-0.0694) | -0.2132 | 1.200e-03 (1.194e-03) | -2.75e-04 | 5.612e-07 | 2.081e-04 | 1.112e-04 | 1.079e+01 | 1.107e-04 | -5.566e-08 | 2.714e-05 (1.4937) | 3.219e-05 | 3.098e-05
  13 C lam 4 v 0.6000 Om 1.1781 g 4e-03 | -0.0683 (-0.0689) | -0.2132 | 2.401e-03 (2.395e-03) | -5.50e-04 | 5.585e-06 | 4.053e-04 | 2.211e-04 | 1.086e+01 | 4.425e-04 | -2.995e-07 | 2.624e-05 (1.4937) | 3.246e-05 | 3.079e-05
  14 0 lam 4 v 0.6000 Om 1.1781 g 0e+00 | -0.0001 (-0.0005) | - | 4.820e-06 (1.914e-05) | -4.24e-06 | 1.206e-06 | 6.082e-06 | 2.965e-07 | 1.626e+01 | 1.203e-07 | 2.561e-08 | 2.814e-05 (1.4937) | 3.212e-05 | 3.137e-05
  15 A lam 4 v 0.7500 Om 1.7811 g 2e-03 | -0.4473 (-0.4550) | -0.6406 | 2.528e-03 (2.534e-03) | -2.21e-03 | 5.995e-06 | 1.589e-03 | 7.031e-04 | 3.595e+00 | 1.130e-04 | -1.439e-07 | 8.784e-06 (1.4933) | 9.532e-05 | 7.283e-05
  16 A lam 4 v 0.7500 Om 1.7811 g 4e-03 | -0.4479 (-0.4547) | -0.6406 | 5.057e-03 (5.068e-03) | -4.42e-03 | 1.562e-05 | 3.155e-03 | 1.408e-03 | 3.592e+00 | 4.497e-04 | -1.045e-07 | 9.858e-06 (1.4937) | 9.574e-05 | 7.329e-05
  17 C lam 4 v 0.7500 Om 1.7811 g 2e-03 | -0.2177 (-0.2238) | -0.6443 | 8.725e-04 (8.854e-04) | +2.21e-04 | 1.503e-06 | 7.262e-04 | 3.462e-04 | 2.520e+00 | 5.295e-05 | -1.521e-07 | 7.385e-06 (1.4933) | 9.525e-05 | 7.267e-05
  18 C lam 4 v 0.7500 Om 1.7811 g 4e-03 | -0.2181 (-0.2234) | -0.6443 | 1.740e-03 (1.752e-03) | +4.41e-04 | 2.807e-06 | 1.447e-03 | 6.929e-04 | 2.510e+00 | 2.097e-04 | -1.370e-07 | 6.855e-06 (1.4933) | 9.546e-05 | 7.285e-05
  19 0 lam 4 v 0.7500 Om 1.7811 g 0e+00 | +0.0010 (-0.0007) | - | 6.154e-06 (2.562e-05) | -1.09e-06 | 2.905e-06 | 1.137e-05 | 4.936e-06 | 1.247e+00 | 6.874e-07 | -1.573e-07 | 8.070e-06 (1.4933) | 9.520e-05 | 7.267e-05
  20 A lam 8 v 0.3000 Om 0.2470 g 2e-03 | -0.1092 (-0.1093) | -0.1182 | 2.097e-03 (2.100e-03) | -2.02e-03 | 6.688e-07 | 1.280e-03 | 8.588e-05 | 2.442e+01 | 1.614e-05 | -1.078e-08 | 5.680e-05 (1.4937) | 1.526e-05 | 4.187e-05
  21 A lam 8 v 0.3000 Om 0.2470 g 4e-03 | -0.1092 (-0.1093) | -0.1182 | 4.194e-03 (4.198e-03) | -4.04e-03 | 1.586e-06 | 2.554e-03 | 1.717e-04 | 2.443e+01 | 6.455e-05 | -4.307e-08 | 5.677e-05 (1.4937) | 2.445e-05 | 4.424e-05
  22 C lam 8 v 0.3000 Om 0.2470 g 2e-03 | +0.2906 (+0.2908) | +0.2296 | 4.801e-03 (4.807e-03) | -6.71e-04 | 3.612e-06 | 5.259e-03 | 2.307e-04 | 2.081e+01 | 1.258e-03 | -8.231e-07 | 5.726e-05 (1.4944) | 1.581e-04 | 1.277e-04
  23 C lam 8 v 0.3000 Om 0.2470 g 4e-03 | +0.2932 (+0.2935) | +0.2296 | 9.635e-03 (9.647e-03) | -1.44e-03 | 1.206e-05 | 9.930e-03 | 4.659e-04 | 2.068e+01 | 5.042e-03 | -3.309e-06 | 5.793e-05 (1.4967) | 3.326e-04 | 2.569e-04
  24 0 lam 8 v 0.3000 Om 0.2470 g 0e+00 | -0.0000 (-0.0001) | - | 6.928e-07 (2.749e-06) | -5.92e-07 | 2.749e-07 | 1.752e-06 | 1.451e-08 | 4.775e+01 | 8.967e-09 | -8.198e-12 | 5.684e-05 (1.4937) | 6.041e-06 | 4.054e-05
  25 A lam 8 v 0.4500 Om 0.3958 g 2e-03 | -0.2306 (-0.2308) | -0.2772 | 2.274e-03 (2.276e-03) | -2.25e-03 | 9.354e-07 | 1.360e-03 | 1.811e-04 | 1.255e+01 | 7.952e-06 | -2.863e-09 | 4.223e-05 (1.4937) | 1.309e-05 | 3.137e-05
  26 A lam 8 v 0.4500 Om 0.3958 g 4e-03 | -0.2305 (-0.2308) | -0.2772 | 4.547e-03 (4.551e-03) | -4.49e-03 | 2.153e-06 | 2.718e-03 | 3.622e-04 | 1.255e+01 | 3.170e-05 | -1.103e-08 | 4.223e-05 (1.4937) | 1.366e-05 | 3.151e-05
  27 C lam 8 v 0.4500 Om 0.3958 g 2e-03 | +0.1607 (+0.1607) | +0.0130 | 2.834e-03 (2.837e-03) | +4.11e-04 | 1.529e-06 | 1.707e-03 | 1.313e-04 | 2.158e+01 | 5.588e-04 | -1.741e-07 | 4.224e-05 (1.4941) | 1.657e-05 | 3.237e-05
  28 C lam 8 v 0.4500 Om 0.3958 g 4e-03 | +0.1614 (+0.1615) | +0.0130 | 5.672e-03 (5.676e-03) | +8.02e-04 | 7.237e-06 | 3.274e-03 | 2.643e-04 | 2.146e+01 | 2.236e-03 | -6.960e-07 | 4.229e-05 (1.4952) | 2.213e-05 | 3.439e-05
  29 0 lam 8 v 0.4500 Om 0.3958 g 0e+00 | +0.0000 (+0.0000) | - | 7.281e-07 (2.875e-06) | -2.58e-07 | 5.377e-07 | 1.282e-06 | 1.497e-08 | 4.865e+01 | 3.390e-08 | -1.438e-10 | 4.223e-05 (1.4937) | 1.258e-05 | 3.125e-05
  30 A lam 8 v 0.6000 Om 0.5890 g 2e-03 | -0.4375 (-0.4383) | -0.5826 | 2.328e-03 (2.326e-03) | -2.32e-03 | 1.231e-06 | 1.807e-03 | 3.436e-04 | 6.775e+00 | 1.411e-06 | 1.525e-09 | 2.805e-05 (1.4937) | 2.919e-05 | 2.922e-05
  31 A lam 8 v 0.6000 Om 0.5890 g 4e-03 | -0.4375 (-0.4384) | -0.5826 | 4.658e-03 (4.659e-03) | -4.65e-03 | 2.212e-06 | 3.618e-03 | 6.872e-04 | 6.777e+00 | 5.285e-06 | 1.401e-09 | 2.805e-05 (1.4937) | 2.955e-05 | 2.948e-05
  32 C lam 8 v 0.6000 Om 0.5890 g 2e-03 | -0.0678 (-0.0682) | -0.3558 | 1.752e-03 (1.755e-03) | +7.89e-04 | 1.562e-06 | 4.927e-04 | 6.215e-05 | 2.818e+01 | 1.804e-04 | 1.660e-08 | 2.807e-05 (1.4937) | 2.933e-05 | 2.938e-05
  33 C lam 8 v 0.6000 Om 0.5890 g 4e-03 | -0.0680 (-0.0684) | -0.3558 | 3.502e-03 (3.504e-03) | +1.57e-03 | 8.444e-06 | 9.611e-04 | 1.246e-04 | 2.810e+01 | 7.209e-04 | 6.200e-08 | 2.811e-05 (1.4941) | 2.976e-05 | 2.979e-05
  34 0 lam 8 v 0.6000 Om 0.5890 g 0e+00 | +0.0000 (+0.0001) | - | 1.873e-06 (6.974e-06) | +1.66e-06 | 9.142e-07 | 3.015e-06 | 1.324e-07 | 1.414e+01 | 1.203e-07 | 1.578e-09 | 2.803e-05 (1.4937) | 2.898e-05 | 2.903e-05
  35 A lam 8 v 0.7500 Om 0.8906 g 2e-03 | -0.7821 (-0.7850) | -1.0901 | 2.283e-03 (2.303e-03) | -2.28e-03 | 1.891e-06 | 3.088e-03 | 6.143e-04 | 3.716e+00 | 7.136e-07 | -1.645e-08 | 7.790e-06 (1.4933) | 8.642e-05 | 6.279e-05
  36 A lam 8 v 0.7500 Om 0.8906 g 4e-03 | -0.7820 (-0.7848) | -1.0901 | 4.559e-03 (4.585e-03) | -4.56e-03 | 2.926e-07 | 6.166e-03 | 1.228e-03 | 3.712e+00 | 8.000e-07 | -1.635e-08 | 7.569e-06 (1.4933) | 8.508e-05 | 6.169e-05
  37 C lam 8 v 0.7500 Om 0.8906 g 2e-03 | -0.4760 (-0.4784) | -0.9221 | 9.342e-04 (9.076e-04) | +6.60e-04 | 2.918e-06 | 1.707e-03 | 3.743e-04 | 2.496e+00 | 3.316e-05 | -3.950e-09 | 8.051e-06 (1.4933) | 8.605e-05 | 6.249e-05
  38 C lam 8 v 0.7500 Om 0.8906 g 4e-03 | -0.4758 (-0.4781) | -0.9221 | 1.876e-03 (1.846e-03) | +1.33e-03 | 9.779e-06 | 3.406e-03 | 7.484e-04 | 2.506e+00 | 1.306e-04 | 3.366e-08 | 8.040e-06 (1.4933) | 8.448e-05 | 6.119e-05
  39 0 lam 8 v 0.7500 Om 0.8906 g 0e+00 | -0.0003 (-0.0004) | - | 7.461e-06 (3.074e-05) | -5.94e-06 | 2.469e-06 | 1.253e-05 | 3.248e-07 | 2.297e+01 | 6.874e-07 | -1.656e-08 | 8.051e-06 (1.4933) | 8.767e-05 | 6.383e-05

Paarvergleich A gegen C (fein, gleiche lambda und v). Gamma = D1 / a_com = Dehnung je Schwerpunktbeschleunigung.
  lambda v Omega | Gamma_A/Gamma_C | (D1_A/D1_C)^2 | dQ-Ueberschuss A/C | D1 Kontrolle | R Kontrolle | lin D1 A, C (Soll 2) | lin dQ A, C (Soll 4) | L3 D1 A, C | L3 R A, C
  4 0.3000 0.4940 | 0.161 | 1.1614 | 3.127 | 5.199e-07 | -4.43e-06 | 2.000, 2.000 | 3.99, 4.00 | ok, ok | ok, ok
  4 0.4500 0.7915 | 0.158 | 1.7790 | 2.423 | 1.288e-06 | -7.77e-05 | 1.999, 2.001 | 4.00, 4.00 | ok, ok | ok, ok
  4 0.6000 1.1781 | 0.581 | 3.3719 | 2.135 | 4.820e-06 | -1.47e-04 | 1.999, 2.002 | 4.00, 4.00 | ok, ok | ok, ok
  4 0.7500 1.7811 | 1.426 | 8.3920 | 2.149 | 6.154e-06 | +9.69e-04 | 2.001, 1.994 | 4.00, 4.00 | ok, ok | ok, ok
  8 0.3000 0.2470 | 1.174 | 0.1908 | 0.013 | 6.928e-07 | -1.71e-05 | 2.000, 2.007 | 4.00, 4.01 | ok, ok | ok, ok
  8 0.4500 0.3958 | 0.582 | 0.6437 | 0.014 | 7.281e-07 | +5.55e-06 | 2.000, 2.002 | 4.00, 4.00 | ok, ok | ok, ok
  8 0.6000 0.5890 | 0.240 | 1.7665 | 0.007 | 1.873e-06 | +4.56e-05 | 2.001, 1.999 | 4.00, 4.00 | ok, ok | ok, ok
  8 0.7500 0.8906 | 1.489 | 5.9700 | 0.001 | 7.461e-06 | -2.65e-04 | 1.997, 2.008 | 4.30, 4.00 | ok, ok | ok, ok
  Vorhersage P3a (Vorzeichen R_mess = Vorzeichen R_starr, |R_starr| > 0,1): 11 von 11
  Vorhersage P3b (|R_mess/R_starr - 1| <= 0,2 bei Omega < 0,5): 2 von 3
  Vorhersage P4 (Gamma_A/Gamma_C > 3 bei Omega < Kante): 0 von 0

Ende 2026-09-30T01:32:33+00:00, Dauer 277.8 s, Fehler in: keine
