RG-1 Tabelle. Start 2026-10-05T04:22:44+00:00, Ende 2026-10-05T04:23:14+00:00, ubuntu-auto, Python 3.12.3, numpy 2.4.4, OMP_NUM_THREADS=1
Explorativ (v3). Plan und Vorhersagen: PLAN.md. Gueltig = Klammer geschlossen, Mitte-Bahn erreicht die Schwanzschwelle, Einschachtelung monoton.
Dauer [s]: Schiessen 26.6, Profile 2.7, Gitterprobe 0.0, gesamt 29.3; RK4-Schritte im Schiessen 60800

Profiltabelle, h0 = 0.01 (Schrittweite je Zeile h = h0 * min(3, max(1, 0,3/sqrt(a))))
m  omega^2 | h      | p bzw. g(0)          | Klammer | Q            | E            | E/Q      | S_max    | R_max    | R_innen  | R_aussen | r_mittel | Virialrest | EL-Rest  | Schwanzsprung | Spreizung | gueltig
0    0.520 | 0.0100 | 1.00966999958056 | 2.2e-16 |  1421.452847 |  1045.954421 | 0.735835 | 1.019434 |    0.000 |    0.000 |   17.497 |   11.786 | -7.4e-09 | -3.9e-10 | -3.3e-03 | 2.0e-03 | ja
1    0.520 | 0.0100 | 0.188378346703336 | 2.0e-15 |  1798.479028 |  1335.987767 | 0.742843 | 1.014496 |   14.610 |    2.951 |   20.030 |   13.772 | +8.2e-10 | +3.5e-11 | +3.9e-04 | 6.1e-04 | ja
2    0.520 | 0.0100 | 0.00201932781332662 | 1.8e-15 |  2656.825484 |  1982.806651 | 0.746307 | 1.009422 |   20.292 |    7.995 |   25.442 |   18.362 | -2.3e-09 | -9.4e-11 | -1.1e-03 | 6.7e-04 | ja
3    0.520 | 0.0100 | 4.66134070756388e-06 | 1.8e-15 |  3670.620807 |  2743.952231 | 0.747544 | 1.006516 |   26.616 |   14.203 |   31.773 |   24.201 | -3.6e-10 | -1.6e-11 | -1.7e-04 | 2.6e-04 | ja
4    0.520 | 0.0100 | 5.47209869619995e-09 | 3.6e-15 |  4738.645442 |  3544.848826 | 0.748072 | 1.004817 |   33.217 |   20.825 |   38.440 |   30.578 | +3.5e-09 | +9.9e-11 | +1.7e-03 | 1.4e-03 | ja
0    0.522 | 0.0100 | 1.01083526246807 | 2.2e-16 |  1126.956154 |   833.349738 | 0.739470 | 1.021788 |    0.000 |    0.000 |   15.532 |   10.490 | +6.4e-10 | +3.2e-11 | +2.6e-04 | 1.8e-04 | ja
1    0.522 | 0.0100 | 0.193036976204642 | 2.0e-15 |  1457.029129 |  1089.485630 | 0.747745 | 1.015373 |   12.885 |    2.912 |   18.039 |   12.473 | -1.4e-10 | -1.2e-11 | -6.0e-05 | 5.1e-05 | ja
2    0.522 | 0.0100 | 0.00234896820840179 | 1.8e-15 |  2195.331640 |  1649.640122 | 0.751431 | 1.009458 |   18.330 |    7.782 |   23.266 |   16.942 | +1.5e-10 | +2.3e-12 | +7.5e-05 | 9.3e-05 | ja
3    0.522 | 0.0100 | 6.71763032791801e-06 | 1.2e-14 |  3057.181229 |  2301.090518 | 0.752684 | 1.006299 |   24.335 |   13.698 |   29.305 |   22.541 | +5.2e-11 | -2.1e-12 | +2.7e-05 | 1.1e-04 | ja
4    0.522 | 0.0100 | 1.01221977895436e-08 | 3.2e-14 |  3960.379616 |  2982.993199 | 0.753209 | 1.004525 |   30.580 |   19.979 |   35.630 |   28.613 | +2.5e-10 | +3.8e-12 | +1.2e-04 | 1.5e-04 | ja
0    0.525 | 0.0100 | 1.01199151731349 | 2.2e-16 |   916.040425 |   680.718399 | 0.743110 | 1.024127 |    0.000 |    0.000 |   13.960 |    9.457 | -8.4e-12 | -4.5e-12 | -1.1e-06 | 5.7e-06 | ja
1    0.525 | 0.0100 | 0.197602374284802 | 2.2e-15 |  1208.840627 |   909.880950 | 0.752689 | 1.016015 |   11.526 |    2.874 |   16.443 |   11.434 | -1.4e-12 | -5.2e-12 | +1.6e-06 | 8.6e-06 | ja
2    0.525 | 0.0100 | 0.00269556922806527 | 2.7e-15 |  1853.320916 |  1402.138928 | 0.756555 | 1.009293 |   16.756 |    7.588 |   21.504 |   15.789 | -6.6e-12 | -4.9e-12 | -7.0e-07 | 4.0e-06 | ja
3    0.525 | 0.0100 | 9.29992760204333e-06 | 1.8e-15 |  2598.186911 |  1968.931810 | 0.757810 | 1.005933 |   22.483 |   13.249 |   27.286 |   21.175 | +2.3e-11 | -3.6e-12 | +1.2e-05 | 6.4e-06 | ja
4    0.525 | 0.0100 | 1.73872504758463e-08 | 3.6e-15 |  3375.395736 |  2559.659747 | 0.758329 | 1.004119 |   28.422 |   19.236 |   33.317 |   26.981 | +3.4e-11 | -3.3e-12 | +1.7e-05 | 1.0e-05 | ja
0    0.527 | 0.0100 | 1.01313892480515 | 2.2e-16 |   759.790993 |   567.376641 | 0.746754 | 1.026450 |    0.000 |    0.000 |   12.674 |    8.614 | -4.4e-12 | -4.6e-12 | +3.7e-07 | 1.9e-06 | ja
1    0.527 | 0.0100 | 0.202080277506299 | 2.2e-15 |  1022.337425 |   774.593040 | 0.757669 | 1.016413 |   10.433 |    2.837 |   15.133 |   10.585 | -4.9e-12 | -6.0e-12 | +1.3e-07 | 7.5e-07 | ja
2    0.527 | 0.0100 | 0.00305788836359757 | 2.7e-15 |  1591.745277 |  1212.393454 | 0.761676 | 1.008933 |   15.467 |    7.410 |   20.043 |   14.833 | +3.5e-12 | -4.9e-12 | +3.6e-06 | 1.6e-06 | ja
3    0.527 | 0.0100 | 1.24576243557873e-05 | 1.8e-15 |  2244.233789 |  1712.175849 | 0.762922 | 1.005424 |   20.948 |   12.846 |   25.599 |   20.027 | -3.0e-12 | -5.1e-12 | +8.9e-07 | 8.0e-07 | ja
4    0.527 | 0.0100 | 2.81359742702316e-08 | 3.6e-15 |  2922.559548 |  2231.174240 | 0.763432 | 1.003602 |   26.621 |   18.578 |   31.375 |   25.599 | +5.0e-12 | -4.7e-12 | +4.2e-06 | 1.6e-06 | ja
0    0.530 | 0.0100 | 1.01427759279833 | 2.2e-16 |   640.801906 |   480.857937 | 0.750400 | 1.028759 |    0.000 |    0.000 |   11.602 |    7.914 | -2.5e-12 | -4.9e-12 | +9.8e-07 | 8.4e-07 | ja
1    0.530 | 0.0100 | 0.206475638869735 | 2.2e-15 |   878.342852 |   669.892205 | 0.762677 | 1.016552 |    9.540 |    2.801 |   14.040 |    9.878 | -8.7e-13 | -6.4e-12 | +1.6e-06 | 6.8e-07 | ja
2    0.530 | 0.0100 | 0.00343478751598056 | 1.8e-15 |  1386.509768 |  1063.162869 | 0.766791 | 1.008377 |   14.394 |    7.246 |   18.812 |   14.026 | -1.6e-12 | -5.6e-12 | +1.4e-06 | 4.1e-07 | ja
3    0.530 | 0.0100 | 1.6235398357678e-05 | 1.8e-15 |  1964.515356 |  1508.787067 | 0.768020 | 1.004771 |   19.657 |   12.482 |   24.166 |   19.046 | -1.8e-12 | -5.5e-12 | +1.3e-06 | 3.0e-07 | ja
4    0.530 | 0.0100 | 4.33514346616105e-08 | 3.6e-15 |  2563.531114 |  1970.117440 | 0.768517 | 1.002968 |   25.097 |   17.987 |   29.715 |   24.409 | -2.6e-12 | -5.4e-12 | +1.0e-06 | 5.3e-07 | ja
0    0.532 | 0.0100 | 1.0154075135639 | 4.4e-16 |   548.085041 |   413.282669 | 0.754048 | 1.031052 |    0.000 |    0.000 |   10.694 |    7.323 | -4.1e-12 | -5.3e-12 | +4.2e-07 | 4.9e-07 | ja
1    0.532 | 0.0100 | 0.210792459382175 | 2.0e-15 |   764.647089 |   587.026578 | 0.767709 | 1.016407 |    8.803 |    2.766 |   13.113 |    9.279 | -2.5e-12 | -7.1e-12 | +9.1e-07 | 1.2e-07 | ja
2    0.532 | 0.0100 | 0.00382520540189493 | 1.8e-15 |  1222.042973 |   943.293127 | 0.771898 | 1.007611 |   13.491 |    7.094 |   17.758 |   13.333 | -2.2e-12 | -6.2e-12 | +1.1e-06 | 7.1e-08 | ja
3    0.532 | 0.0100 | 2.06731374996135e-05 | 1.8e-15 |  1738.937839 |  1344.377282 | 0.773103 | 1.003955 |   18.561 |   12.150 |   22.931 |   18.196 | -2.4e-12 | -5.9e-12 | +9.7e-07 | 6.3e-08 | ja
4    0.532 | 0.0100 | 6.41181671208338e-08 | 3.6e-15 |  2273.180235 |  1758.498169 | 0.773585 | 1.002196 |   23.798 |   17.454 |   28.278 |   23.372 | -1.6e-12 | -5.8e-12 | +1.3e-06 | 3.1e-07 | ja
0    0.535 | 0.0100 | 1.01652846512049 | 2.2e-16 |   474.425792 |   359.470884 | 0.757697 | 1.033330 |    0.000 |    0.000 |    9.916 |    6.819 | -2.3e-12 | -5.4e-12 | +9.7e-07 | 7.3e-08 | ja
1    0.535 | 0.0100 | 0.215033491969789 | 2.2e-15 |   673.167166 |   520.195733 | 0.772759 | 1.015942 |    8.190 |    2.732 |   12.317 |    8.767 | -2.1e-12 | -7.7e-12 | +9.8e-07 | 8.4e-08 | ja
2    0.535 | 0.0100 | 0.00422812003752333 | 2.7e-15 |  1087.892053 |   845.288647 | 0.776997 | 1.006607 |   12.727 |    6.952 |   16.844 |   12.732 | -1.8e-12 | -6.6e-12 | +1.1e-06 | 6.7e-08 | ja
3    0.535 | 0.0100 | 2.58057165640025e-05 | 1.1e-14 |  1553.901198 |  1209.197900 | 0.778169 | 1.002943 |   17.627 |   11.846 |   21.853 |   17.450 | -2.1e-12 | -6.4e-12 | +1.0e-06 | 8.8e-08 | ja
4    0.535 | 0.0100 | 9.16065324975207e-08 | 3.6e-15 |  2034.425885 |  1584.074985 | 0.778635 | 1.001242 |   22.687 |   16.969 |   27.019 |   22.457 | -2.1e-12 | -6.3e-12 | +1.0e-06 | 9.6e-08 | ja
0    0.537 | 0.0100 | 1.01763988369154 | 2.2e-16 |   414.927973 |   315.902922 | 0.761344 | 1.035591 |    0.000 |    0.000 |    9.242 |    6.384 | -1.3e-12 | -5.7e-12 | +1.2e-06 | 9.7e-08 | ja
1    0.537 | 0.0100 | 0.219199871093725 | 2.2e-15 |   598.374414 |   465.427755 | 0.777820 | 1.015114 |    7.675 |    2.699 |   11.626 |    8.323 | -1.6e-12 | -8.3e-12 | +1.1e-06 | 3.2e-08 | ja
2    0.537 | 0.0100 | 0.00464250189882848 | 2.7e-15 |   976.813803 |   763.949943 | 0.782083 | 1.005323 |   12.077 |    6.819 |   16.045 |   12.204 | -1.7e-12 | -7.1e-12 | +1.1e-06 | 2.4e-08 | ja
3    0.537 | 0.0100 | 3.16625014387127e-05 | 1.8e-15 |  1399.911868 |  1096.436812 | 0.783218 | 1.001684 |   16.827 |   11.566 |   20.904 |   16.789 | -1.8e-12 | -6.8e-12 | +1.0e-06 | 9.8e-09 | ja
4    0.537 | 0.0100 | 1.27053334491784e-07 | 1.8e-15 |  1835.300383 |  1438.262174 | 0.783666 | 1.000047 |   21.732 |   16.525 |   25.905 |   21.642 | -1.9e-12 | -6.7e-12 | +1.0e-06 | 2.3e-08 | ja
0    0.540 | 0.0100 | 1.01874072460501 | 2.2e-16 |   366.173726 |   280.118842 | 0.764989 | 1.037833 |    0.000 |    0.000 |    8.652 |    6.004 | -1.3e-12 | -5.9e-12 | +1.1e-06 | 2.4e-08 | ja
1    0.540 | 0.0100 | 0.223290755721865 | 2.0e-15 |   536.380686 |   419.926217 | 0.782888 | 1.013879 |    7.240 |    2.667 |   11.021 |    7.935 | -1.4e-12 | -8.9e-12 | +1.1e-06 | 2.0e-08 | ja
2    0.540 | 0.0100 | 0.00506726186299135 | 2.7e-15 |   883.652150 |   695.571932 | 0.787156 | 1.003707 |   11.520 |    6.694 |   15.339 |   11.737 | -1.5e-12 | -7.5e-12 | +1.1e-06 | 6.8e-09 | ja
3    0.540 | 0.0100 | 3.82665161533661e-05 | 3.6e-15 |  1270.167121 |  1001.207768 | 0.788249 | 1.000119 |   16.138 |   11.306 |   20.061 |   16.199 | -1.6e-12 | -7.2e-12 | +1.1e-06 | 6.5e-09 | ja
4    0.540 | 0.0100 | 1.71737287971008e-07 | 1.1e-14 |  1667.200196 |  1314.881256 | 0.788676 | 0.998547 |   20.904 |   16.116 |   24.912 |   20.912 | -1.6e-12 | -7.1e-12 | +1.1e-06 | 1.5e-08 | ja
0    0.542 | 0.0100 | 1.01982933341561 | 2.2e-16 |   325.718329 |   250.356971 | 0.768630 | 1.040052 |    0.000 |    0.000 |    8.131 |    5.671 | -1.2e-12 | -6.1e-12 | +1.1e-06 | 1.7e-08 | ja
1    0.542 | 0.0100 | 0.227303078740193 | 2.2e-15 |   484.385091 |   381.674479 | 0.787957 | 1.012193 |    6.869 |    2.635 |   10.488 |    7.593 | -1.2e-12 | -9.4e-12 | +1.1e-06 | 6.9e-09 | ja
2    0.542 | 0.0100 | 0.00550120065391316 | 2.7e-15 |   804.650650 |   637.452569 | 0.792210 | 1.001711 |   11.040 |    6.576 |   14.710 |   11.320 | -1.3e-12 | -8.0e-12 | +1.1e-06 | 2.9e-09 | ja
3    0.542 | 0.0100 | 4.56332940886498e-05 | 1.8e-15 |  1159.681351 |   919.926178 | 0.793258 | 0.998190 |   15.539 |   11.064 |   19.306 |   15.669 | -1.3e-12 | -7.6e-12 | +1.1e-06 | 6.5e-09 | ja
4    0.542 | 0.0100 | 2.26948039162626e-07 | 1.8e-15 |  1523.801750 |  1209.386609 | 0.793664 | 0.996682 |   20.179 |   15.739 |   24.021 |   20.252 | -1.4e-12 | -7.5e-12 | +1.1e-06 | 8.7e-09 | ja
0    0.545 | 0.0100 | 1.02090334691926 | 2.2e-16 |   291.775566 |   225.328601 | 0.772267 | 1.042244 |    0.000 |    0.000 |    7.668 |    5.377 | -8.7e-13 | -6.3e-12 | +1.1e-06 | 9.0e-09 | ja
1    0.545 | 0.0100 | 0.231231474398483 | 2.2e-15 |   440.326941 |   349.187269 | 0.793018 | 1.010022 |    6.548 |    2.604 |   10.014 |    7.290 | -9.1e-13 | -1.0e-11 | +1.1e-06 | 2.1e-09 | ja
2    0.545 | 0.0100 | 0.00594296739141099 | 2.7e-15 |   737.016377 |   587.580910 | 0.797243 | 0.999289 |   10.622 |    6.465 |   14.148 |   10.945 | -1.1e-12 | -8.4e-12 | +1.1e-06 | 4.5e-09 | ja
3    0.545 | 0.0100 | 5.37695247065889e-05 | 1.8e-15 |  1064.727870 |   849.910035 | 0.798242 | 0.995849 |   15.012 |   10.839 |   18.628 |   15.189 | -1.1e-12 | -8.0e-12 | +1.1e-06 | 9.8e-10 | ja
4    0.545 | 0.0100 | 2.93948163930362e-07 | 1.8e-15 |  1400.366129 |  1118.368476 | 0.798626 | 0.994404 |   19.536 |   15.388 |   23.217 |   19.653 | -1.2e-12 | -7.9e-12 | +1.1e-06 | 1.5e-09 | ja
0    0.547 | 0.0100 | 1.0219596371394 | 2.2e-16 |   263.015705 |   204.073211 | 0.775897 | 1.044401 |    0.000 |    0.000 |    7.253 |    5.114 | -6.7e-13 | -6.5e-12 | +1.1e-06 | 7.4e-09 | ja
1    0.547 | 0.0100 | 0.235068418370131 | 2.2e-15 |   402.661281 |   321.349875 | 0.798065 | 1.007341 |    6.268 |    2.574 |    9.591 |    7.019 | -6.8e-13 | -1.1e-11 | +1.1e-06 | 3.1e-09 | ja
2    0.547 | 0.0100 | 0.00639103391650636 | 2.7e-15 |   678.634734 |   544.432969 | 0.802247 | 0.996408 |   10.255 |    6.359 |   13.642 |   10.607 | -8.2e-13 | -8.8e-12 | +1.1e-06 | 2.5e-09 | ja
3    0.547 | 0.0100 | 6.26716788904635e-05 | 1.8e-15 |   982.471464 |   789.117007 | 0.803196 | 0.993062 |   14.543 |   10.628 |   18.014 |   14.753 | -9.2e-13 | -8.4e-12 | +1.1e-06 | 1.7e-09 | ja
4    0.547 | 0.0100 | 3.73928787530078e-07 | 1.8e-15 |  1293.279786 |  1039.224429 | 0.803557 | 0.991677 |   18.961 |   15.063 |   22.487 |   19.107 | -9.8e-13 | -8.2e-12 | +1.0e-06 | 2.9e-09 | ja
0    0.550 | 0.0100 | 1.02299430326494 | 2.2e-16 |   238.432280 |   185.862916 | 0.779521 | 1.046517 |    0.000 |    0.000 |    6.880 |    4.880 | -4.6e-13 | -6.6e-12 | +1.1e-06 | 1.5e-09 | ja
1    0.550 | 0.0100 | 0.238804574864233 | 2.2e-15 |   370.209824 |   297.311263 | 0.803089 | 1.004138 |    6.023 |    2.544 |    9.212 |    6.777 | -4.5e-13 | -1.1e-11 | +1.1e-06 | 2.0e-09 | ja
2    0.550 | 0.0100 | 0.00684368927360109 | 1.8e-15 |   627.878009 |   506.834557 | 0.807218 | 0.993048 |    9.928 |    6.259 |   13.185 |   10.301 | -6.0e-13 | -9.2e-12 | +1.1e-06 | 4.8e-10 | ja
3    0.550 | 0.0100 | 7.2324833219606e-05 | 1.8e-15 |   910.720206 |   735.966710 | 0.808115 | 0.989803 |   14.124 |   10.431 |   17.457 |   14.355 | -6.9e-13 | -8.7e-12 | +1.1e-06 | 1.6e-09 | ja
4    0.550 | 0.0100 | 4.67960913340456e-07 | 3.6e-15 |  1199.743344 |   969.936571 | 0.808453 | 0.988480 |   18.441 |   14.759 |   21.823 |   18.607 | -7.5e-13 | -8.6e-12 | +1.1e-06 | 2.0e-09 | ja
0    0.552 | 0.0100 | 1.02400270929438 | 4.4e-16 |   217.252122 |   170.137886 | 0.783136 | 1.048582 |    0.000 |    0.000 |    6.543 |    4.668 | -2.4e-13 | -6.7e-12 | +1.1e-06 | 3.4e-09 | ja
1    0.552 | 0.0100 | 0.242429311117435 | 2.2e-15 |   342.059686 |   276.411404 | 0.808079 | 1.000411 |    5.805 |    2.514 |    8.871 |    6.558 | -2.2e-13 | -1.1e-11 | +1.1e-06 | 2.8e-09 | ja
2    0.552 | 0.0100 | 0.0072990557042179 | 1.8e-15 |   583.473959 |   473.867053 | 0.812148 | 0.989199 |    9.636 |    6.164 |   12.770 |   10.022 | -3.8e-13 | -9.5e-12 | +1.1e-06 | 4.6e-10 | ja
3    0.552 | 0.0100 | 8.27019085285249e-05 | 3.6e-15 |   847.754084 |   689.217888 | 0.812993 | 0.986065 |   13.745 |   10.246 |   16.949 |   13.991 | -4.7e-13 | -9.0e-12 | +1.1e-06 | 2.2e-09 | ja
4    0.552 | 0.0100 | 5.76945877212784e-07 | 1.8e-15 |  1117.556094 |   908.917124 | 0.813308 | 0.984802 |   17.969 |   14.475 |   21.217 |   18.148 | -5.4e-13 | -8.8e-12 | +1.1e-06 | 1.1e-09 | ja
0    0.555 | 0.0100 | 1.02497956005971 | 2.2e-16 |   198.873322 |   156.461775 | 0.786741 | 1.050583 |    0.000 |    0.000 |    6.236 |    4.477 | -6.2e-15 | -6.8e-12 | +1.1e-06 | 2.4e-09 | ja
1    0.555 | 0.0100 | 0.245931316767306 | 2.2e-15 |   317.493234 |   258.130894 | 0.813028 | 0.996171 |    5.610 |    2.486 |    8.563 |    6.361 | -5.0e-15 | -1.2e-11 | +1.1e-06 | 1.2e-09 | ja
2    0.555 | 0.0100 | 0.00775512438728353 | 2.7e-15 |   544.413872 |   444.801425 | 0.817028 | 0.984866 |    9.373 |    6.074 |   12.394 |    9.768 | -1.7e-13 | -9.8e-12 | +1.1e-06 | 5.0e-10 | ja
3    0.555 | 0.0100 | 9.37634921146898e-05 | 3.6e-15 |   792.204452 |   647.881937 | 0.817822 | 0.981848 |   13.401 |   10.072 |   16.486 |   13.657 | -2.6e-13 | -9.3e-12 | +1.1e-06 | 1.4e-09 | ja
4    0.555 | 0.0100 | 7.01569221028517e-07 | 1.8e-15 |  1044.964004 |   854.899418 | 0.818114 | 0.980645 |   17.538 |   14.211 |   20.661 |   17.726 | -3.3e-13 | -9.1e-12 | +1.1e-06 | 5.1e-10 | ja
0    0.557 | 0.0100 | 1.02591900563819 | 2.2e-16 |   182.821620 |   144.490366 | 0.790335 | 1.052510 |    0.000 |    0.000 |    5.956 |    4.304 | +2.1e-13 | -6.9e-12 | +1.1e-06 | 1.0e-09 | ja
1    0.557 | 0.0100 | 0.249299256076003 | 2.2e-15 |   295.938689 |   242.055436 | 0.817924 | 0.991434 |    5.436 |    2.458 |    8.284 |    6.183 | +2.1e-13 | -1.2e-11 | +1.1e-06 | 1.1e-09 | ja
2    0.557 | 0.0100 | 0.00820980651436681 | 1.8e-15 |   509.887234 |   419.051298 | 0.821851 | 0.980061 |    9.135 |    5.989 |   12.050 |    9.535 | +4.2e-14 | -1.0e-11 | +1.1e-06 | 7.9e-10 | ja
3    0.557 | 0.0100 | 0.000105458335475981 | 1.8e-15 |   742.967917 |   611.161083 | 0.822594 | 0.977163 |   13.087 |    9.908 |   16.062 |   13.350 | -4.6e-14 | -9.5e-12 | +1.1e-06 | 8.0e-10 | ja
4    0.557 | 0.0100 | 8.42262456765958e-07 | 3.6e-15 |   980.550865 |   806.859767 | 0.822864 | 0.976022 |   17.142 |   13.963 |   20.152 |   17.337 | -1.2e-13 | -9.3e-12 | +1.1e-06 | 1.5e-10 | ja
0    0.560 | 0.0100 | 1.02681476355566 | 2.2e-16 |   168.719229 |   133.949140 | 0.793917 | 1.054349 |    0.000 |    0.000 |    5.699 |    4.147 | +4.4e-13 | -6.9e-12 | +1.2e-06 | 3.8e-10 | ja
1    0.560 | 0.0100 | 0.252522384163016 | 2.2e-15 |   276.934810 |   227.850446 | 0.822758 | 0.986229 |    5.279 |    2.431 |    8.030 |    6.021 | +4.1e-13 | -1.3e-11 | +1.1e-06 | 6.5e-10 | ja
2    0.560 | 0.0100 | 0.00866099354262452 | 2.7e-15 |   479.234654 |   396.139127 | 0.826608 | 0.974808 |    8.919 |    5.908 |   11.736 |    9.322 | +2.4e-13 | -1.0e-11 | +1.1e-06 | 7.2e-10 | ja
3    0.560 | 0.0100 | 0.000117724526432783 | 1.8e-15 |   699.144005 |   578.403599 | 0.827303 | 0.972031 |   12.800 |    9.755 |   15.673 |   13.067 | +1.6e-13 | -9.7e-12 | +1.1e-06 | 1.0e-10 | ja
4    0.560 | 0.0100 | 9.99176585452618e-07 | 1.8e-15 |   923.159327 |   763.960749 | 0.827550 | 0.970951 |   16.779 |   13.731 |   19.684 |   16.978 | +7.8e-14 | -9.5e-12 | +1.1e-06 | 3.6e-10 | ja
0    0.562 | 0.0100 | 1.0276602490257 | 2.2e-16 |   156.262199 |   124.616965 | 0.797486 | 1.056086 |    0.000 |    0.000 |    5.463 |    4.002 | +6.6e-13 | -7.0e-12 | +1.2e-06 | 7.7e-10 | ja
1    0.562 | 0.0100 | 0.255591071692736 | 2.2e-15 |   260.105327 |   215.242648 | 0.827521 | 0.980587 |    5.136 |    2.405 |    7.800 |    5.873 | +5.9e-13 | -1.3e-11 | +1.1e-06 | 3.8e-10 | ja
2    0.562 | 0.0100 | 0.00910661984676599 | 1.8e-15 |   451.913570 |   375.671529 | 0.831291 | 0.969132 |    8.722 |    5.831 |   11.450 |    9.127 | +4.3e-13 | -1.0e-11 | +1.1e-06 | 9.2e-10 | ja
3    0.562 | 0.0100 | 0.000130491244773161 | 3.6e-15 |   659.989543 |   549.071008 | 0.831939 | 0.966478 |   12.537 |    9.611 |   15.316 |   12.807 | +3.5e-13 | -9.8e-12 | +1.1e-06 | 6.0e-10 | ja
4    0.562 | 0.0100 | 1.17216995072253e-06 | 1.8e-15 |   871.832984 |   725.509580 | 0.832166 | 0.965459 |   16.445 |   13.514 |   19.253 |   16.647 | +2.7e-13 | -9.6e-12 | +1.1e-06 | 1.7e-10 | ja
0    0.565 | 0.0100 | 1.02844870512907 | 2.2e-16 |   145.203737 |   116.314090 | 0.801041 | 1.057707 |    0.000 |    0.000 |    5.245 |    3.870 | +8.9e-13 | -7.0e-12 | +1.2e-06 | 4.4e-10 | ja
1    0.565 | 0.0100 | 0.258497201838012 | 2.0e-15 |   245.140197 |   204.006579 | 0.832204 | 0.974544 |    5.007 |    2.379 |    7.590 |    5.739 | +7.8e-13 | -1.3e-11 | +1.1e-06 | 5.8e-10 | ja
2    0.565 | 0.0100 | 0.00954472147376818 | 1.8e-15 |   427.472976 |   357.321102 | 0.835892 | 0.963067 |    8.542 |    5.759 |   11.187 |    8.947 | +6.1e-13 | -1.0e-11 | +1.1e-06 | 4.3e-10 | ja
3    0.565 | 0.0100 | 0.000143680941220474 | 1.8e-15 |   624.884917 |   522.713830 | 0.836496 | 0.960534 |   12.294 |    9.476 |   14.988 |   12.566 | +5.4e-13 | -9.8e-12 | +1.1e-06 | 1.6e-10 | ja
4    0.565 | 0.0100 | 1.36081131528131e-06 | 1.8e-15 |   825.773466 |   690.927268 | 0.836703 | 0.959576 |   16.137 |   13.312 |   18.857 |   16.340 | +4.5e-13 | -9.6e-12 | +1.1e-06 | 4.8e-10 | ja
0    0.568 | 0.0100 | 1.02917332680681 | 2.2e-16 |   135.341777 |   108.893160 | 0.804579 | 1.059198 |    0.000 |    0.000 |    5.043 |    3.749 | +1.1e-12 | -7.0e-12 | +1.2e-06 | 2.7e-10 | ja
1    0.568 | 0.0100 | 0.261234424353108 | 2.0e-15 |   231.781682 |   193.954560 | 0.836798 | 0.968138 |    4.890 |    2.355 |    7.399 |    5.616 | +9.4e-13 | -1.3e-11 | +1.1e-06 | 3.2e-10 | ja
2    0.568 | 0.0100 | 0.00997348604671157 | 2.7e-15 |   405.534592 |   340.812886 | 0.840404 | 0.956649 |    8.376 |    5.691 |   10.946 |    8.782 | +7.8e-13 | -1.0e-11 | +1.1e-06 | 1.2e-10 | ja
3    0.568 | 0.0100 | 0.00015721174157383 | 3.6e-15 |   593.308872 |   498.953448 | 0.840967 | 0.954236 |   12.071 |    9.350 |   14.686 |   12.344 | +7.2e-13 | -9.8e-12 | +1.1e-06 | 3.9e-10 | ja
4    0.568 | 0.0100 | 1.5643973040489e-06 | 1.8e-15 |   784.308329 |   659.725525 | 0.841156 | 0.953337 |   15.852 |   13.123 |   18.491 |   16.057 | +6.3e-13 | -9.7e-12 | +1.1e-06 | 1.5e-10 | ja
0    0.570 | 0.0100 | 1.02982737446974 | 2.2e-16 |   126.509581 |   102.232448 | 0.808100 | 1.060544 |    0.000 |    0.000 |    4.856 |    3.637 | +1.3e-12 | -7.0e-12 | +1.2e-06 | 3.8e-10 | ja
1    0.570 | 0.0100 | 0.26379827035805 | 2.0e-15 |   219.813882 |   184.929163 | 0.841299 | 0.961408 |    4.783 |    2.332 |    7.224 |    5.504 | +1.1e-12 | -1.3e-11 | +1.1e-06 | 4.4e-10 | ja
2    0.570 | 0.0100 | 0.0103912906835396 | 2.7e-15 |   385.778681 |   325.914149 | 0.844822 | 0.949916 |    8.225 |    5.627 |   10.725 |    8.630 | +9.4e-13 | -1.0e-11 | +1.1e-06 | 3.1e-10 | ja
3    0.570 | 0.0100 | 0.000170999874035958 | 7.1e-15 |   564.819474 |   477.468425 | 0.845347 | 0.947617 |   11.866 |    9.231 |   14.408 |   12.139 | +8.9e-13 | -9.8e-12 | +1.1e-06 | 2.6e-10 | ja
4    0.570 | 0.0100 | 1.78198189262128e-06 | 1.8e-15 |   746.866782 |   631.489316 | 0.845518 | 0.946775 |   15.589 |   12.946 |   18.154 |   15.794 | +7.9e-13 | -9.6e-12 | +1.1e-06 | 2.5e-10 | ja
0    0.573 | 0.0100 | 1.03040427471112 | 2.2e-16 |   118.568579 |    96.230668 | 0.811603 | 1.061733 |    0.000 |    0.000 |    4.682 |    3.534 | +1.6e-12 | -7.0e-12 | +1.2e-06 | 4.6e-10 | ja
1    0.573 | 0.0100 | 0.266186145399231 | 2.0e-15 |   209.054753 |   176.797454 | 0.845699 | 0.954392 |    4.685 |    2.310 |    7.064 |    5.401 | +1.3e-12 | -1.3e-11 | +1.1e-06 | 2.2e-10 | ja
2    0.573 | 0.0100 | 0.0107967266851803 | 2.7e-15 |   367.933212 |   312.426599 | 0.849139 | 0.942904 |    8.085 |    5.566 |   10.521 |    8.490 | +1.1e-12 | -1.0e-11 | +1.1e-06 | 3.6e-10 | ja
3    0.573 | 0.0100 | 0.000184961942975834 | 1.8e-15 |   539.039556 |   457.984038 | 0.849630 | 0.940715 |   11.676 |    9.120 |   14.152 |   11.950 | +1.0e-12 | -9.7e-12 | +1.1e-06 | 2.1e-10 | ja
4    0.573 | 0.0100 | 2.01241465935944e-06 | 1.8e-15 |   712.961104 |   605.863499 | 0.849785 | 0.939928 |   15.345 |   12.780 |   17.843 |   15.551 | +9.5e-13 | -9.5e-12 | +1.1e-06 | 2.3e-10 | ja
0    0.575 | 0.0100 | 1.0308977069595 | 2.2e-16 |   111.402835 |    90.802983 | 0.815087 | 1.062750 |    0.000 |    0.000 |    4.519 |    3.438 | +1.8e-12 | -7.1e-12 | +1.2e-06 | 1.4e-10 | ja
1    0.575 | 0.0100 | 0.268397226524751 | 2.0e-15 |   199.349936 |   169.446551 | 0.849996 | 0.947130 |    4.595 |    2.289 |    6.918 |    5.307 | +1.4e-12 | -1.3e-11 | +1.1e-06 | 1.8e-10 | ja
2    0.575 | 0.0100 | 0.0111886113764804 | 2.7e-15 |   351.765471 |   300.180354 | 0.853354 | 0.935651 |    7.957 |    5.509 |   10.334 |    8.360 | +1.2e-12 | -1.0e-11 | +1.1e-06 | 2.0e-10 | ja
3    0.575 | 0.0100 | 0.000199016916602237 | 1.8e-15 |   515.645444 |   440.264177 | 0.853812 | 0.933567 |   11.500 |    9.016 |   13.916 |   11.774 | +1.2e-12 | -9.6e-12 | +1.1e-06 | 1.9e-10 | ja
4    0.575 | 0.0100 | 2.25438414252456e-06 | 3.6e-15 |   682.172239 |   582.542484 | 0.853952 | 0.932832 |   15.120 |   12.626 |   17.556 |   15.326 | +1.1e-12 | -9.4e-12 | +1.1e-06 | 7.5e-11 | ja
0    0.578 | 0.0100 | 1.0313016759119 | 2.2e-16 |   104.914749 |    85.877892 | 0.818549 | 1.063583 |    0.000 |    0.000 |    4.368 |    3.350 | +2.0e-12 | -7.1e-12 | +1.2e-06 | 2.2e-10 | ja
1    0.578 | 0.0100 | 0.270432291875877 | 2.2e-15 |   190.567918 |   162.780142 | 0.854184 | 0.939657 |    4.513 |    2.269 |    6.783 |    5.221 | +1.5e-12 | -1.3e-11 | +1.1e-06 | 2.4e-10 | ja
2    0.578 | 0.0100 | 0.011565988660066 | 1.8e-15 |   337.075467 |   289.029198 | 0.857461 | 0.928191 |    7.838 |    5.456 |   10.162 |    8.241 | +1.4e-12 | -9.8e-12 | +1.1e-06 | 1.8e-10 | ja
3    0.578 | 0.0100 | 0.000213087747739583 | 1.8e-15 |   494.358089 |   424.104980 | 0.857890 | 0.926204 |   11.338 |    8.919 |   13.698 |   11.612 | +1.3e-12 | -9.4e-12 | +1.1e-06 | 6.3e-11 | ja
4    0.578 | 0.0100 | 2.50646279406013e-06 | 1.8e-15 |   654.138469 |   561.262091 | 0.858017 | 0.925518 |   14.912 |   12.482 |   17.290 |   15.118 | +1.2e-12 | -9.2e-12 | +1.0e-06 | 4.8e-11 | ja
0    0.580 | 0.0100 | 1.0316105702758 | 2.2e-16 |    99.021680 |    81.394780 | 0.821989 | 1.064220 |    0.000 |    0.000 |    4.226 |    3.268 | +2.2e-12 | -7.2e-12 | +1.2e-06 | 2.5e-10 | ja
1    0.580 | 0.0100 | 0.272293509885931 | 2.2e-15 |   182.596188 |   156.715704 | 0.858264 | 0.932005 |    4.437 |    2.250 |    6.659 |    5.141 | +1.6e-12 | -1.2e-11 | +1.1e-06 | 2.4e-10 | ja
2    0.580 | 0.0100 | 0.0119281205155604 | 1.8e-15 |   323.690674 |   278.846804 | 0.861461 | 0.920555 |    7.729 |    5.405 |   10.003 |    8.131 | +1.5e-12 | -9.6e-12 | +1.1e-06 | 1.7e-10 | ja
3    0.580 | 0.0100 | 0.000227102596203704 | 1.8e-15 |   474.935998 |   409.329747 | 0.861863 | 0.918659 |   11.188 |    8.829 |   13.497 |   11.462 | +1.5e-12 | -9.2e-12 | +1.1e-06 | 2.3e-10 | ja
4    0.580 | 0.0100 | 2.76715055435999e-06 | 3.6e-15 |   628.546373 |   541.793064 | 0.861978 | 0.918021 |   14.719 |   12.348 |   17.044 |   14.925 | +1.4e-12 | -9.0e-12 | +1.0e-06 | 2.1e-10 | ja
0    0.583 | 0.0100 | 1.03181920877651 | 2.2e-16 |    93.653270 |    77.301986 | 0.825406 | 1.064651 |    0.000 |    0.000 |    4.093 |    3.191 | +2.4e-12 | -7.3e-12 | +1.2e-06 | 1.8e-10 | ja
1    0.583 | 0.0100 | 0.273984211142979 | 2.2e-15 |   175.338139 |   151.182278 | 0.862233 | 0.924204 |    4.367 |    2.232 |    6.545 |    5.068 | +1.8e-12 | -1.2e-11 | +1.1e-06 | 2.1e-10 | ja
2    0.583 | 0.0100 | 0.0122744718997337 | 1.8e-15 |   311.461774 |   269.523671 | 0.865351 | 0.912775 |    7.628 |    5.358 |    9.857 |    8.029 | +1.6e-12 | -9.4e-12 | +1.1e-06 | 2.7e-10 | ja
3    0.583 | 0.0100 | 0.000240995661603235 | 1.8e-15 |   457.169503 |   395.784831 | 0.865729 | 0.910964 |   11.049 |    8.744 |   13.310 |   11.323 | +1.6e-12 | -8.9e-12 | +1.0e-06 | 1.4e-10 | ja
4    0.583 | 0.0100 | 3.03491481221485e-06 | 1.8e-15 |   605.123508 |   523.935812 | 0.865833 | 0.910370 |   14.539 |   12.223 |   16.817 |   14.746 | +1.5e-12 | -8.8e-12 | +1.0e-06 | 1.6e-10 | ja
0    0.585 | 0.0100 | 1.03192287461333 | 2.2e-16 |    88.749313 |    73.555250 | 0.828798 | 1.064865 |    0.000 |    0.000 |    3.968 |    3.120 | +2.6e-12 | -7.5e-12 | +1.2e-06 | 2.1e-10 | ja
1    0.585 | 0.0100 | 0.275508660748842 | 2.2e-15 |   168.710553 |   146.118650 | 0.866091 | 0.916283 |    4.303 |    2.215 |    6.440 |    5.001 | +1.9e-12 | -1.2e-11 | +1.1e-06 | 2.9e-10 | ja
2    0.585 | 0.0100 | 0.0126046913908631 | 1.8e-15 |   300.259166 |   260.964616 | 0.869131 | 0.904876 |    7.534 |    5.314 |    9.721 |    7.935 | +1.7e-12 | -9.1e-12 | +1.1e-06 | 2.2e-10 | ja
3    0.585 | 0.0100 | 0.000254707663801286 | 1.8e-15 |   440.876072 |   383.336265 | 0.869488 | 0.903145 |   10.921 |    8.665 |   13.138 |   11.194 | +1.7e-12 | -8.7e-12 | +1.0e-06 | 1.5e-10 | ja
4    0.585 | 0.0100 | 3.30822530166471e-06 | 1.8e-15 |   583.632401 |   507.516099 | 0.869582 | 0.902591 |   14.373 |   12.106 |   16.606 |   14.579 | +1.6e-12 | -8.5e-12 | +1.0e-06 | 2.4e-10 | ja
0    0.588 | 0.0100 | 1.03191733962953 | 2.2e-16 |    84.258042 |    70.116473 | 0.832164 | 1.064853 |    0.000 |    0.000 |    3.851 |    3.053 | +2.8e-12 | -7.7e-12 | +1.3e-06 | 6.2e-11 | ja
1    0.588 | 0.0100 | 0.27687184368511 | 2.0e-15 |   162.641529 |   141.471855 | 0.869838 | 0.908265 |    4.244 |    2.198 |    6.343 |    4.939 | +2.0e-12 | -1.2e-11 | +1.1e-06 | 1.5e-10 | ja
2    0.588 | 0.0100 | 0.0129185896008866 | 2.7e-15 |   289.970084 |   253.086697 | 0.872803 | 0.896886 |    7.448 |    5.273 |    9.596 |    7.848 | +1.8e-12 | -8.8e-12 | +1.0e-06 | 1.4e-10 | ja
3    0.588 | 0.0100 | 0.000268186024769009 | 3.6e-15 |   425.896403 |   371.866959 | 0.873139 | 0.895227 |   10.801 |    8.591 |   12.979 |   11.074 | +1.9e-12 | -8.4e-12 | +1.0e-06 | 2.7e-10 | ja
4    0.588 | 0.0100 | 3.58558320609207e-06 | 3.6e-15 |   563.865566 |   492.381458 | 0.873225 | 0.894711 |   14.219 |   11.997 |   16.411 |   14.425 | +1.8e-12 | -8.2e-12 | +1.0e-06 | 1.0e-10 | ja
0    0.590 | 0.0100 | 1.03179887944663 | 2.2e-16 |    80.134741 |    66.952711 | 0.835502 | 1.064609 |    0.000 |    0.000 |    3.741 |    2.991 | +3.0e-12 | -7.9e-12 | +1.3e-06 | 1.0e-10 | ja
1    0.590 | 0.0100 | 0.278079270962477 | 2.0e-15 |   157.068768 |   137.195937 | 0.873477 | 0.900175 |    4.189 |    2.183 |    6.254 |    4.882 | +2.1e-12 | -1.1e-11 | +1.1e-06 | 1.2e-10 | ja
2    0.590 | 0.0100 | 0.013216116964424 | 2.7e-15 |   280.496172 |   245.817466 | 0.876367 | 0.888825 |    7.368 |    5.234 |    9.480 |    7.767 | +1.9e-12 | -8.5e-12 | +1.0e-06 | 1.3e-10 | ja
3    0.590 | 0.0100 | 0.000281384812008874 | 1.8e-15 |   412.091168 |   361.274348 | 0.876685 | 0.887231 |   10.691 |    8.522 |   12.831 |   10.963 | +2.0e-12 | -8.1e-12 | +1.0e-06 | 3.1e-10 | ja
4    0.590 | 0.0100 | 3.8655443228407e-06 | 1.8e-15 |   545.641319 |   478.398185 | 0.876763 | 0.886749 |   14.076 |   11.896 |   16.230 |   14.282 | +1.9e-12 | -7.9e-12 | +1.0e-06 | 2.2e-10 | ja
0    0.593 | 0.0100 | 1.03156428073911 | 4.4e-16 |    76.340624 |    64.035351 | 0.838811 | 1.064125 |    0.000 |    0.000 |    3.637 |    2.933 | +3.2e-12 | -8.3e-12 | +1.3e-06 | 2.1e-10 | ja
1    0.593 | 0.0100 | 0.279136810512181 | 2.2e-15 |   151.938152 |   133.250921 | 0.877008 | 0.892030 |    4.138 |    2.169 |    6.171 |    4.829 | +2.2e-12 | -1.1e-11 | +1.1e-06 | 3.2e-10 | ja
2    0.593 | 0.0100 | 0.0134973420876279 | 1.8e-15 |   271.751460 |   239.093509 | 0.879824 | 0.880711 |    7.294 |    5.198 |    9.373 |    7.692 | +2.0e-12 | -8.2e-12 | +1.0e-06 | 1.4e-10 | ja
3    0.593 | 0.0100 | 0.000294264502783118 | 1.8e-15 |   399.338248 |   351.468410 | 0.880127 | 0.879178 |   10.588 |    8.458 |   12.694 |   10.860 | +2.1e-12 | -7.8e-12 | +1.0e-06 | 8.4e-11 | ja
4    0.593 | 0.0100 | 4.14673656550922e-06 | 1.8e-15 |   528.800249 |   465.448798 | 0.880198 | 0.878730 |   13.943 |   11.802 |   16.062 |   14.149 | +2.0e-12 | -7.6e-12 | +1.0e-06 | 2.1e-10 | ja
0    0.595 | 0.0100 | 1.03121084172112 | 2.2e-16 |    72.841905 |    61.339446 | 0.842090 | 1.063396 |    0.000 |    0.000 |    3.539 |    2.879 | +3.4e-12 | -8.7e-12 | +1.3e-06 | 8.7e-11 | ja
1    0.595 | 0.0100 | 0.280050543948585 | 2.2e-15 |   147.202541 |   129.601939 | 0.880433 | 0.883847 |    4.091 |    2.156 |    6.094 |    4.780 | +2.3e-12 | -1.1e-11 | +1.1e-06 | 2.1e-10 | ja
2    0.595 | 0.0100 | 0.0137624314540146 | 1.8e-15 |   263.660636 |   232.859195 | 0.883178 | 0.872562 |    7.225 |    5.165 |    9.274 |    7.623 | +2.1e-12 | -7.9e-12 | +1.0e-06 | 2.2e-11 | ja
3    0.595 | 0.0100 | 0.000306791622737396 | 1.8e-15 |   387.530399 |   342.369974 | 0.883466 | 0.871086 |   10.492 |    8.398 |   12.567 |   10.765 | +2.2e-12 | -7.5e-12 | +1.0e-06 | 1.7e-10 | ja
4    0.595 | 0.0100 | 4.42787235293995e-06 | 1.8e-15 |   513.202214 |   453.429866 | 0.883531 | 0.870668 |   13.820 |   11.713 |   15.906 |   14.025 | +2.1e-12 | -7.4e-12 | +1.0e-06 | 1.9e-11 | ja
0    0.598 | 0.0100 | 1.03073636680244 | 2.2e-16 |    69.609045 |    58.843155 | 0.845338 | 1.062417 |    0.000 |    0.000 |    3.446 |    2.828 | +3.6e-12 | -9.1e-12 | +1.3e-06 | 8.7e-11 | ja
1    0.598 | 0.0100 | 0.280826648404336 | 2.0e-15 |   142.820774 |   126.218505 | 0.883755 | 0.875641 |    4.048 |    2.143 |    6.023 |    4.734 | +2.4e-12 | -1.0e-11 | +1.0e-06 | 1.4e-10 | ja
2    0.598 | 0.0100 | 0.014011630964581 | 2.7e-15 |   256.157587 |   227.065624 | 0.886429 | 0.864396 |    7.161 |    5.133 |    9.181 |    7.559 | +2.2e-12 | -7.6e-12 | +1.0e-06 | 2.3e-10 | ja
3    0.598 | 0.0100 | 0.000318938304427719 | 3.6e-15 |   376.573252 |   333.909280 | 0.886705 | 0.862968 |   10.404 |    8.342 |   12.448 |   10.676 | +2.3e-12 | -7.2e-12 | +1.0e-06 | 1.8e-10 | ja
4    0.598 | 0.0100 | 4.70775657808424e-06 | 1.8e-15 |   498.723774 |   442.250162 | 0.886764 | 0.862575 |   13.705 |   11.631 |   15.761 |   13.911 | +2.2e-12 | -7.1e-12 | +1.0e-06 | 3.3e-11 | ja
0    0.600 | 0.0100 | 1.03013915625856 | 2.2e-16 |    66.616119 |    56.527292 | 0.848553 | 1.061187 |    0.000 |    0.000 |    3.358 |    2.780 | +3.7e-12 | -9.7e-12 | +1.3e-06 | 4.3e-11 | ja
1    0.600 | 0.0100 | 0.281471301453856 | 2.2e-15 |   138.756815 |   123.073899 | 0.886976 | 0.867426 |    4.007 |    2.131 |    5.957 |    4.692 | +2.5e-12 | -1.0e-11 | +1.0e-06 | 2.4e-10 | ja
2    0.600 | 0.0100 | 0.0142452495425647 | 1.8e-15 |   249.184151 |   221.669722 | 0.889582 | 0.856222 |    7.102 |    5.104 |    9.096 |    7.499 | +2.3e-12 | -7.3e-12 | +1.0e-06 | 1.5e-10 | ja
3    0.600 | 0.0100 | 0.000330681802417546 | 1.8e-15 |   366.383602 |   326.024737 | 0.889845 | 0.854840 |   10.321 |    8.290 |   12.339 |   10.594 | +2.5e-12 | -6.9e-12 | +1.0e-06 | 8.1e-11 | ja
4    0.600 | 0.0100 | 4.98529089712277e-06 | 3.6e-15 |   485.255994 |   431.829068 | 0.889900 | 0.854473 |   13.598 |   11.555 |   15.627 |   13.804 | +2.3e-12 | -6.8e-12 | +1.0e-06 | 5.3e-11 | ja
0    0.603 | 0.0100 | 1.02941799165857 | 2.2e-16 |    63.840297 |    54.374939 | 0.851734 | 1.059701 |    0.000 |    0.000 |    3.276 |    2.735 | +3.9e-12 | -1.0e-11 | +1.3e-06 | 8.1e-11 | ja
1    0.603 | 0.0100 | 0.281990606518529 | 2.2e-15 |   134.979042 |   120.144638 | 0.890098 | 0.859213 |    3.970 |    2.120 |    5.896 |    4.653 | +2.6e-12 | -9.7e-12 | +1.0e-06 | 5.1e-11 | ja
2    0.603 | 0.0100 | 0.0144636448545951 | 1.8e-15 |   242.689052 |   216.633464 | 0.892638 | 0.848050 |    7.046 |    5.076 |    9.016 |    7.444 | +2.4e-12 | -7.0e-12 | +1.0e-06 | 4.1e-11 | ja
3    0.603 | 0.0100 | 0.000342003993108007 | 1.8e-15 |   356.887947 |   318.661866 | 0.892891 | 0.846709 |   10.245 |    8.241 |   12.237 |   10.517 | +2.6e-12 | -6.6e-12 | +1.0e-06 | 1.3e-10 | ja
4    0.603 | 0.0100 | 5.25947505955819e-06 | 1.8e-15 |   472.702555 |   422.095211 | 0.892940 | 0.846367 |   13.499 |   11.484 |   15.502 |   13.705 | +2.4e-12 | -6.5e-12 | +1.0e-06 | 2.9e-11 | ja
0    0.605 | 0.0100 | 1.02857211770724 | 2.2e-16 |    61.261404 |    52.371130 | 0.854880 | 1.057961 |    0.000 |    0.000 |    3.197 |    2.693 | +4.1e-12 | -1.1e-11 | +1.3e-06 | 3.8e-11 | ja
1    0.605 | 0.0100 | 0.282390535922739 | 2.2e-15 |   131.459630 |   117.410042 | 0.893126 | 0.851008 |    3.935 |    2.110 |    5.839 |    4.617 | +2.7e-12 | -9.4e-12 | +1.0e-06 | 1.1e-10 | ja
2    0.605 | 0.0100 | 0.0146672110794494 | 1.8e-15 |   236.626987 |   211.923214 | 0.895600 | 0.839891 |    6.995 |    5.051 |    8.942 |    7.392 | +2.5e-12 | -6.7e-12 | +1.0e-06 | 9.6e-11 | ja
3    0.605 | 0.0100 | 0.000352890879916911 | 1.8e-15 |   348.021224 |   311.772383 | 0.895843 | 0.838591 |   10.174 |    8.196 |   12.142 |   10.446 | +2.7e-12 | -6.4e-12 | +1.0e-06 | 9.9e-11 | ja
4    0.605 | 0.0100 | 5.52940593914239e-06 | 3.6e-15 |   460.978128 |   412.985280 | 0.895889 | 0.838268 |   13.407 |   11.417 |   15.385 |   13.612 | +2.6e-12 | -6.2e-12 | +1.0e-06 | 2.1e-10 | ja
0    0.608 | 0.0100 | 1.02760122108576 | 2.2e-16 |    58.861561 |    50.502585 | 0.857989 | 1.055964 |    0.000 |    0.000 |    3.123 |    2.653 | +4.2e-12 | -1.2e-11 | +1.3e-06 | 6.3e-11 | ja
1    0.608 | 0.0100 | 0.282676888807411 | 2.0e-15 |   128.174042 |   114.851846 | 0.896062 | 0.842828 |    3.902 |    2.100 |    5.786 |    4.584 | +2.8e-12 | -9.1e-12 | +1.0e-06 | 7.5e-11 | ja
2    0.608 | 0.0100 | 0.014856368581029 | 2.7e-15 |   230.957845 |   207.509154 | 0.898472 | 0.831758 |    6.948 |    5.027 |    8.873 |    7.345 | +2.6e-12 | -6.4e-12 | +1.0e-06 | 3.9e-11 | ja
3    0.608 | 0.0100 | 0.00036333211809929 | 1.8e-15 |   339.725721 |   305.313409 | 0.898706 | 0.830491 |   10.107 |    8.154 |   12.054 |   10.380 | +2.8e-12 | -6.1e-12 | +1.0e-06 | 3.8e-11 | ja
4    0.608 | 0.0100 | 5.79427484325439e-06 | 1.8e-15 |   450.006973 |   404.443010 | 0.898748 | 0.830187 |   13.321 |   11.356 |   15.277 |   13.527 | +2.7e-12 | -6.0e-12 | +1.0e-06 | 8.6e-12 | ja
0    0.610 | 0.0100 | 1.02650540681734 | 2.2e-16 |    56.624867 |    48.757483 | 0.861061 | 1.053713 |    0.000 |    0.000 |    3.053 |    2.616 | +4.4e-12 | -1.3e-11 | +1.3e-06 | 3.6e-11 | ja
1    0.610 | 0.0100 | 0.282855261302239 | 2.2e-15 |   125.100583 |   112.453885 | 0.898908 | 0.834671 |    3.872 |    2.091 |    5.737 |    4.553 | +2.9e-12 | -8.8e-12 | +1.0e-06 | 1.2e-10 | ja
2    0.610 | 0.0100 | 0.0150315553018695 | 1.8e-15 |   225.646033 |   203.364796 | 0.901256 | 0.823650 |    6.903 |    5.005 |    8.809 |    7.300 | +2.7e-12 | -6.2e-12 | +1.0e-06 | 6.9e-11 | ja
3    0.610 | 0.0100 | 0.000373320568442266 | 2.7e-15 |   331.950151 |   299.246787 | 0.901481 | 0.822414 |   10.046 |    8.115 |   11.972 |   10.318 | +2.9e-12 | -5.9e-12 | +1.0e-06 | 9.6e-12 | ja
4    0.610 | 0.0100 | 6.05336358878179e-06 | 1.8e-15 |   439.721724 |   396.418297 | 0.901521 | 0.822129 |   13.241 |   11.298 |   15.177 |   13.447 | +2.8e-12 | -5.8e-12 | +1.0e-06 | 1.1e-10 | ja
0    0.613 | 0.0100 | 1.02528517263804 | 2.2e-16 |    54.537146 |    47.125271 | 0.864095 | 1.051210 |    0.000 |    0.000 |    2.986 |    2.581 | +4.5e-12 | -1.4e-11 | +1.3e-06 | 6.3e-11 | ja
1    0.613 | 0.0100 | 0.282931026634171 | 2.0e-15 |   122.220024 |   110.201817 | 0.901667 | 0.826545 |    3.844 |    2.083 |    5.691 |    4.524 | +3.0e-12 | -8.5e-12 | +1.0e-06 | 1.5e-10 | ja
2    0.613 | 0.0100 | 0.0151932196774504 | 1.8e-15 |   220.659900 |   199.466555 | 0.903955 | 0.815578 |    6.862 |    4.984 |    8.749 |    7.259 | +2.8e-12 | -5.9e-12 | +1.0e-06 | 1.5e-10 | ja
3    0.613 | 0.0100 | 0.000382851885174899 | 2.7e-15 |   324.648836 |   293.538499 | 0.904172 | 0.814372 |    9.989 |    8.079 |   11.896 |   10.261 | +3.0e-12 | -5.6e-12 | +1.0e-06 | 5.6e-11 | ja
4    0.613 | 0.0100 | 6.30603974484965e-06 | 2.0e-14 |   430.062349 |   388.866440 | 0.904209 | 0.814099 |   13.167 |   11.245 |   15.083 |   13.373 | +2.9e-12 | -5.5e-12 | +1.0e-06 | 1.7e-10 | ja
0    0.615 | 0.0100 | 1.02394138181635 | 2.2e-16 |    52.585723 |    45.596501 | 0.867089 | 1.048456 |    0.000 |    0.000 |    2.923 |    2.548 | +4.6e-12 | -1.5e-11 | +1.3e-06 | 6.8e-11 | ja
1    0.615 | 0.0100 | 0.282909323156963 | 2.2e-15 |   119.515282 |   108.082886 | 0.904344 | 0.818459 |    3.817 |    2.075 |    5.648 |    4.497 | +3.1e-12 | -8.3e-12 | +1.0e-06 | 1.1e-10 | ja
2    0.615 | 0.0100 | 0.0153418148717184 | 2.7e-15 |   215.971238 |   195.793393 | 0.906572 | 0.807543 |    6.824 |    4.965 |    8.694 |    7.221 | +2.9e-12 | -5.7e-12 | +1.0e-06 | 8.8e-11 | ja
3    0.615 | 0.0100 | 0.000391924140549127 | 1.8e-15 |   317.781011 |   288.158150 | 0.906782 | 0.806362 |    9.935 |    8.045 |   11.825 |   10.208 | +3.1e-12 | -5.4e-12 | +9.9e-07 | 1.1e-10 | ja
4    0.615 | 0.0100 | 6.55175136224615e-06 | 1.8e-15 |   420.975244 |   381.747476 | 0.906817 | 0.806107 |   13.098 |   11.196 |   14.996 |   13.304 | +3.0e-12 | -5.3e-12 | +9.9e-07 | 1.2e-10 | ja
0    0.618 | 0.0100 | 1.02247523483488 | 2.2e-16 |    50.759234 |    44.162694 | 0.870043 | 1.045456 |    0.000 |    0.000 |    2.863 |    2.517 | +4.7e-12 | -1.6e-11 | +1.3e-06 | 4.8e-11 | ja
1    0.618 | 0.0100 | 0.282795048592503 | 2.0e-15 |   116.971146 |   106.085719 | 0.906939 | 0.810413 |    3.793 |    2.068 |    5.608 |    4.472 | +3.2e-12 | -8.0e-12 | +1.0e-06 | 1.4e-10 | ja
2    0.618 | 0.0100 | 0.0154777941445061 | 2.7e-15 |   211.554855 |   192.326497 | 0.909109 | 0.799554 |    6.788 |    4.947 |    8.642 |    7.185 | +3.0e-12 | -5.5e-12 | +1.0e-06 | 5.0e-11 | ja
3    0.618 | 0.0100 | 0.000400537486491368 | 2.7e-15 |   311.310227 |   283.078533 | 0.909313 | 0.798396 |    9.886 |    8.014 |   11.759 |   10.159 | +3.2e-12 | -5.2e-12 | +1.0e-06 | 4.9e-11 | ja
4    0.618 | 0.0100 | 6.79002143881267e-06 | 1.8e-15 |   412.412445 |   375.025611 | 0.909346 | 0.798153 |   13.033 |   11.150 |   14.915 |   13.240 | +3.1e-12 | -5.1e-12 | +9.9e-07 | 2.3e-11 | ja
0    0.620 | 0.0100 | 1.02088824032129 | 2.2e-16 |    49.047466 |    42.816221 | 0.872955 | 1.042213 |    0.000 |    0.000 |    2.806 |    2.488 | +4.8e-12 | -1.7e-11 | +1.3e-06 | 1.6e-11 | ja
1    0.620 | 0.0100 | 0.282592859060177 | 2.2e-15 |   114.574037 |   104.200156 | 0.909457 | 0.802414 |    3.770 |    2.061 |    5.570 |    4.449 | +3.4e-12 | -7.8e-12 | +1.0e-06 | 1.9e-10 | ja
2    0.620 | 0.0100 | 0.0156016071774695 | 1.8e-15 |   207.388202 |   189.049013 | 0.911571 | 0.791607 |    6.755 |    4.931 |    8.594 |    7.152 | +3.1e-12 | -5.3e-12 | +1.0e-06 | 5.8e-11 | ja
3    0.620 | 0.0100 | 0.000408693852321626 | 1.8e-15 |   305.203819 |   278.275239 | 0.911769 | 0.790476 |    9.840 |    7.985 |   11.697 |   10.113 | +3.3e-12 | -5.1e-12 | +1.0e-06 | 6.2e-11 | ja
4    0.620 | 0.0100 | 7.02044231019042e-06 | 1.8e-15 |   404.330953 |   368.668717 | 0.911799 | 0.790242 |   12.974 |   11.107 |   14.839 |   13.181 | +3.2e-12 | -5.0e-12 | +9.9e-07 | 1.2e-10 | ja
0    0.623 | 0.0100 | 1.0191821855913 | 2.2e-16 |    47.441219 |    41.550200 | 0.875825 | 1.038732 |    0.000 |    0.000 |    2.752 |    2.461 | +4.9e-12 | -1.8e-11 | +1.3e-06 | 4.1e-11 | ja
1    0.623 | 0.0100 | 0.282307171726263 | 2.0e-15 |   112.311806 |   102.417097 | 0.911900 | 0.794460 |    3.749 |    2.054 |    5.536 |    4.428 | +3.5e-12 | -7.6e-12 | +1.0e-06 | 9.7e-11 | ja
2    0.623 | 0.0100 | 0.0157136972037481 | 1.8e-15 |   203.451056 |   185.945806 | 0.913958 | 0.783714 |    6.724 |    4.916 |    8.550 |    7.122 | +3.2e-12 | -5.2e-12 | +1.0e-06 | 1.2e-10 | ja
3    0.623 | 0.0100 | 0.000416396676635096 | 2.7e-15 |   299.432461 |   273.726331 | 0.914150 | 0.782601 |    9.797 |    7.958 |   11.640 |   10.071 | +3.4e-12 | -4.9e-12 | +9.9e-07 | 2.0e-10 | ja
4    0.623 | 0.0100 | 7.2426701058942e-06 | 1.8e-15 |   396.692139 |   362.647906 | 0.914180 | 0.782380 |   12.919 |   11.068 |   14.769 |   13.126 | +3.3e-12 | -4.8e-12 | +9.8e-07 | 1.3e-10 | ja
0    0.625 | 0.0100 | 1.01735910714212 | 2.2e-16 |    45.932186 |    40.358410 | 0.878652 | 1.035020 |    0.000 |    0.000 |    2.701 |    2.435 | +5.0e-12 | -2.0e-11 | +1.3e-06 | 3.8e-11 | ja
1    0.625 | 0.0100 | 0.281942170127555 | 2.0e-15 |   110.173562 |   100.728373 | 0.914270 | 0.786557 |    3.729 |    2.049 |    5.503 |    4.408 | +3.6e-12 | -7.4e-12 | +1.0e-06 | 8.2e-11 | ja
2    0.625 | 0.0100 | 0.015814498805746 | 2.7e-15 |   199.725236 |   183.003262 | 0.916275 | 0.775871 |    6.696 |    4.902 |    8.508 |    7.094 | +3.3e-12 | -5.0e-12 | +1.0e-06 | 1.4e-10 | ja
3    0.625 | 0.0100 | 0.000423650670910385 | 2.7e-15 |   293.969766 |   269.412053 | 0.916462 | 0.774777 |    9.758 |    7.933 |   11.587 |   10.032 | +3.5e-12 | -4.8e-12 | +9.9e-07 | 2.0e-10 | ja
4    0.625 | 0.0100 | 7.45641937077091e-06 | 3.6e-15 |   389.461236 |   356.937147 | 0.916490 | 0.774565 |   12.867 |   11.031 |   14.704 |   13.075 | +3.4e-12 | -4.7e-12 | +9.9e-07 | 1.1e-10 | ja
0    0.627 | 0.0100 | 1.01542126140928 | 2.2e-16 |    44.512848 |    39.235216 | 0.881436 | 1.031080 |    0.000 |    0.000 |    2.652 |    2.411 | +5.1e-12 | -2.1e-11 | +1.3e-06 | 9.2e-13 | ja
1    0.627 | 0.0100 | 0.28150181141249 | 2.2e-15 |   108.149514 |    99.126638 | 0.916570 | 0.778705 |    3.711 |    2.043 |    5.473 |    4.389 | +3.7e-12 | -7.3e-12 | +1.0e-06 | 7.1e-11 | ja
2    0.627 | 0.0100 | 0.015904436263975 | 1.8e-15 |   196.194372 |   180.209103 | 0.918523 | 0.768084 |    6.669 |    4.889 |    8.469 |    7.068 | +3.4e-12 | -4.9e-12 | +9.9e-07 | 4.2e-11 | ja
3    0.627 | 0.0100 | 0.000430461612145913 | 1.8e-15 |   288.791949 |   265.314574 | 0.918705 | 0.767005 |    9.721 |    7.910 |   11.538 |    9.995 | +3.6e-12 | -4.7e-12 | +9.9e-07 | 1.5e-10 | ja
4    0.627 | 0.0100 | 7.66145792033553e-06 | 3.6e-15 |   382.606889 |   351.512942 | 0.918731 | 0.766802 |   12.820 |   10.998 |   14.644 |   13.028 | +3.5e-12 | -4.6e-12 | +9.7e-07 | 1.1e-10 | ja
0    0.630 | 0.0100 | 1.01337109607253 | 4.4e-16 |    43.176391 |    38.175499 | 0.884175 | 1.026921 |    0.000 |    0.000 |    2.605 |    2.388 | +5.1e-12 | -2.3e-11 | +1.3e-06 | 1.4e-11 | ja
1    0.630 | 0.0100 | 0.28098983490085 | 2.2e-15 |   106.230846 |    97.605268 | 0.918803 | 0.770905 |    3.694 |    2.038 |    5.445 |    4.372 | +3.8e-12 | -7.1e-12 | +1.0e-06 | 2.3e-10 | ja
2    0.630 | 0.0100 | 0.0159839223570909 | 1.8e-15 |   192.843684 |   177.552241 | 0.920705 | 0.760345 |    6.645 |    4.877 |    8.433 |    7.044 | +3.5e-12 | -4.8e-12 | +9.9e-07 | 4.4e-11 | ja
3    0.630 | 0.0100 | 0.000436836161750257 | 1.8e-15 |   283.877525 |   261.417777 | 0.920882 | 0.759285 |    9.687 |    7.889 |   11.492 |    9.962 | +3.7e-12 | -4.6e-12 | +9.8e-07 | 4.8e-11 | ja
4    0.630 | 0.0100 | 7.85760197391304e-06 | 1.8e-15 |   376.100765 |   346.354037 | 0.920908 | 0.759089 |   12.776 |   10.967 |   14.588 |   12.984 | +3.6e-12 | -4.5e-12 | +9.7e-07 | 1.0e-10 | ja
0    0.632 | 0.0100 | 1.01121122216739 | 2.2e-16 |    41.916621 |    37.174606 | 0.886870 | 1.022548 |    0.000 |    0.000 |    2.561 |    2.366 | +5.2e-12 | -2.4e-11 | +1.3e-06 | 3.1e-11 | ja
1    0.632 | 0.0100 | 0.280409771493408 | 2.0e-15 |   104.409602 |    96.158280 | 0.920972 | 0.763162 |    3.678 |    2.034 |    5.418 |    4.357 | +3.9e-12 | -7.0e-12 | +1.0e-06 | 9.0e-11 | ja
2    0.632 | 0.0100 | 0.0160533575287104 | 1.8e-15 |   189.659812 |   175.022636 | 0.922824 | 0.752669 |    6.622 |    4.867 |    8.400 |    7.021 | +3.5e-12 | -4.7e-12 | +9.9e-07 | 1.0e-10 | ja
3    0.632 | 0.0100 | 0.000442781707961867 | 2.7e-15 |   279.207051 |   257.707058 | 0.922996 | 0.751619 |    9.656 |    7.870 |   11.450 |    9.931 | +3.8e-12 | -4.5e-12 | +9.7e-07 | 1.1e-10 | ja
4    0.632 | 0.0100 | 8.04471159081994e-06 | 3.6e-15 |   369.917215 |   341.441171 | 0.923020 | 0.751431 |   12.736 |   10.938 |   14.536 |   12.944 | +3.7e-12 | -4.4e-12 | +9.7e-07 | 8.5e-11 | ja
0    0.635 | 0.0100 | 1.00894438722721 | 2.2e-16 |    40.727903 |    36.228295 | 0.889520 | 1.017969 |    0.000 |    0.000 |    2.519 |    2.346 | +5.2e-12 | -2.5e-11 | +1.3e-06 | 3.6e-11 | ja
1    0.635 | 0.0100 | 0.279764953568937 | 2.0e-15 |   102.678585 |    94.780256 | 0.923077 | 0.755472 |    3.663 |    2.029 |    5.394 |    4.342 | +4.0e-12 | -6.9e-12 | +1.0e-06 | 1.2e-10 | ja
2    0.635 | 0.0100 | 0.0161131293502218 | 1.8e-15 |   186.630646 |   172.611184 | 0.924881 | 0.745046 |    6.601 |    4.857 |    8.369 |    7.001 | +3.6e-12 | -4.6e-12 | +9.8e-07 | 3.4e-11 | ja
3    0.635 | 0.0100 | 0.000448306229204007 | 1.8e-15 |   274.762897 |   254.169167 | 0.925049 | 0.744010 |    9.627 |    7.853 |   11.411 |    9.903 | +3.9e-12 | -4.4e-12 | +9.8e-07 | 1.7e-10 | ja
4    0.635 | 0.0100 | 8.22268642078869e-06 | 1.8e-15 |   364.032976 |   336.756860 | 0.925072 | 0.743830 |   12.698 |   10.913 |   14.488 |   12.907 | +3.8e-12 | -4.3e-12 | +9.6e-07 | 1.5e-10 | ja
0    0.637 | 0.0100 | 1.00657344964861 | 2.2e-16 |    39.605095 |    35.332693 | 0.892125 | 1.013190 |    0.000 |    0.000 |    2.479 |    2.327 | +5.2e-12 | -2.7e-11 | +1.3e-06 | 7.0e-11 | ja
1    0.637 | 0.0100 | 0.279058525091694 | 2.0e-15 |   101.031276 |    93.466286 | 0.925122 | 0.747840 |    3.649 |    2.026 |    5.371 |    4.329 | +4.1e-12 | -6.8e-12 | +9.9e-07 | 9.7e-11 | ja
2    0.637 | 0.0100 | 0.0161636122206238 | 1.8e-15 |   183.745194 |   170.309614 | 0.926879 | 0.737480 |    6.582 |    4.848 |    8.340 |    6.982 | +3.7e-12 | -4.6e-12 | +9.8e-07 | 7.2e-11 | ja
3    0.637 | 0.0100 | 0.000453418175957478 | 2.7e-15 |   270.529049 |   250.792054 | 0.927043 | 0.736458 |    9.601 |    7.837 |   11.374 |    9.877 | +4.0e-12 | -4.4e-12 | +9.7e-07 | 1.3e-10 | ja
4    0.637 | 0.0100 | 8.39146176960033e-06 | 1.8e-15 |   358.426909 |   332.285201 | 0.927065 | 0.736281 |   12.664 |   10.889 |   14.444 |   12.873 | +3.9e-12 | -4.3e-12 | +9.6e-07 | 4.6e-11 | ja
0    0.640 | 0.0100 | 1.00410135443913 | 2.2e-16 |    38.543505 |    34.484259 | 0.894684 | 1.008220 |    0.000 |    0.000 |    2.441 |    2.309 | +5.2e-12 | -2.8e-11 | +1.3e-06 | 1.5e-11 | ja
1    0.640 | 0.0100 | 0.278293451720959 | 2.2e-15 |    99.461751 |    92.211903 | 0.927109 | 0.740261 |    3.636 |    2.022 |    5.349 |    4.317 | +4.2e-12 | -6.7e-12 | +9.9e-07 | 1.4e-10 | ja
2    0.640 | 0.0100 | 0.0162051672545419 | 2.7e-15 |   180.993460 |   168.110395 | 0.928820 | 0.729969 |    6.564 |    4.840 |    8.314 |    6.965 | +3.8e-12 | -4.5e-12 | +9.7e-07 | 8.2e-11 | ja
3    0.640 | 0.0100 | 0.000458126368935734 | 2.7e-15 |   266.490934 |   247.564743 | 0.928980 | 0.728959 |    9.576 |    7.822 |   11.341 |    9.853 | +4.1e-12 | -4.3e-12 | +9.6e-07 | 9.7e-11 | ja
4    0.640 | 0.0100 | 8.55100497356826e-06 | 5.3e-15 |   353.079772 |   328.011704 | 0.929002 | 0.728790 |   12.633 |   10.867 |   14.404 |   12.842 | +3.9e-12 | -4.2e-12 | +9.6e-07 | 1.1e-10 | ja
0    0.642 | 0.0100 | 1.00153111047245 | 2.2e-16 |    37.538838 |    33.679748 | 0.897197 | 1.003065 |    0.000 |    0.000 |    2.405 |    2.292 | +5.2e-12 | -2.9e-11 | +1.3e-06 | 2.1e-11 | ja
1    0.642 | 0.0100 | 0.277472530768685 | 2.0e-15 |    97.964626 |    91.013043 | 0.929040 | 0.732739 |    3.624 |    2.019 |    5.330 |    4.305 | +4.2e-12 | -6.6e-12 | +1.0e-06 | 6.8e-11 | ja
2    0.642 | 0.0100 | 0.0162381423181726 | 4.4e-15 |   178.366333 |   166.006658 | 0.930706 | 0.722519 |    6.548 |    4.833 |    8.289 |    6.949 | +3.9e-12 | -4.5e-12 | +9.8e-07 | 4.1e-11 | ja
3    0.642 | 0.0100 | 0.000462439911555322 | 2.7e-15 |   262.635266 |   244.477221 | 0.930862 | 0.721517 |    9.554 |    7.809 |   11.310 |    9.831 | +4.2e-12 | -4.3e-12 | +9.7e-07 | 5.0e-11 | ja
4    0.642 | 0.0100 | 8.70131207149972e-06 | 1.8e-15 |   347.974018 |   323.923145 | 0.930883 | 0.721353 |   12.604 |   10.848 |   14.366 |   12.814 | +4.0e-12 | -4.2e-12 | +9.6e-07 | 9.0e-11 | ja
0    0.645 | 0.0100 | 0.998865769343708 | 2.2e-16 |    36.587161 |    32.916186 | 0.899665 | 0.997733 |    0.000 |    0.000 |    2.370 |    2.276 | +5.2e-12 | -3.1e-11 | +1.3e-06 | 3.0e-11 | ja
1    0.645 | 0.0100 | 0.276598400894147 | 2.2e-15 |    96.534990 |    89.865997 | 0.930916 | 0.725276 |    3.613 |    2.016 |    5.311 |    4.295 | +4.3e-12 | -6.6e-12 | +9.8e-07 | 9.7e-11 | ja
2    0.645 | 0.0100 | 0.0162628721801338 | 1.8e-15 |   175.855500 |   163.992130 | 0.932539 | 0.715124 |    6.533 |    4.827 |    8.267 |    6.935 | +3.9e-12 | -4.5e-12 | +9.7e-07 | 6.4e-11 | ja
3    0.645 | 0.0100 | 0.000466368114902334 | 2.7e-15 |   258.949909 |   241.520333 | 0.932691 | 0.714134 |    9.534 |    7.798 |   11.282 |    9.811 | +4.2e-12 | -4.3e-12 | +9.6e-07 | 1.5e-10 | ja
4    0.645 | 0.0100 | 8.8424047594674e-06 | 1.8e-15 |   343.093619 |   320.007433 | 0.932712 | 0.713976 |   12.578 |   10.831 |   14.332 |   12.788 | +4.1e-12 | -4.2e-12 | +9.6e-07 | 3.0e-11 | ja
0    0.647 | 0.0100 | 0.99610840588558 | 2.2e-16 |    35.684864 |    32.190838 | 0.902087 | 0.992232 |    0.000 |    0.000 |    2.338 |    2.261 | +5.1e-12 | -3.2e-11 | +1.4e-06 | 1.8e-11 | ja
1    0.647 | 0.0100 | 0.275673551457991 | 2.2e-15 |    95.168362 |    88.767377 | 0.932740 | 0.717868 |    3.603 |    2.014 |    5.294 |    4.286 | +4.4e-12 | -6.5e-12 | +9.8e-07 | 1.0e-10 | ja
2    0.647 | 0.0100 | 0.0162796787502597 | 2.7e-15 |   173.453355 |   162.061068 | 0.934321 | 0.707787 |    6.519 |    4.821 |    8.246 |    6.922 | +4.0e-12 | -4.5e-12 | +9.6e-07 | 1.5e-10 | ja
3    0.647 | 0.0100 | 0.000469920433592042 | 2.7e-15 |   255.423766 |   238.685698 | 0.934469 | 0.706805 |    9.516 |    7.788 |   11.256 |    9.794 | +4.3e-12 | -4.3e-12 | +9.5e-07 | 6.3e-11 | ja
4    0.647 | 0.0100 | 8.97432761174795e-06 | 1.8e-15 |   338.423908 |   316.253495 | 0.934489 | 0.706650 |   12.554 |   10.815 |   14.301 |   12.765 | +4.2e-12 | -4.2e-12 | +9.5e-07 | 1.3e-10 | ja
0    0.650 | 0.0100 | 0.99326210037651 | 3.3e-16 |    34.828630 |    31.501191 | 0.904463 | 0.986570 |    0.000 |    0.000 |    2.306 |    2.247 | +5.1e-12 | -3.3e-11 | +1.4e-06 | 3.1e-11 | ja
1    0.650 | 0.0100 | 0.274700331484101 | 2.2e-15 |    93.860641 |    87.714081 | 0.934514 | 0.710514 |    3.594 |    2.012 |    5.279 |    4.277 | +4.5e-12 | -6.5e-12 | +9.8e-07 | 5.0e-11 | ja
2    0.650 | 0.0100 | 0.0162888713844193 | 1.8e-15 |   171.152936 |   160.208208 | 0.936053 | 0.700505 |    6.507 |    4.816 |    8.227 |    6.911 | +4.1e-12 | -4.5e-12 | +9.6e-07 | 1.0e-10 | ja
3    0.650 | 0.0100 | 0.000473106411103682 | 1.8e-15 |   252.046664 |   235.965629 | 0.936198 | 0.699537 |    9.499 |    7.779 |   11.233 |    9.778 | +4.4e-12 | -4.3e-12 | +9.6e-07 | 9.2e-11 | ja
4    0.650 | 0.0100 | 9.09714555028143e-06 | 1.8e-15 |   333.951445 |   312.651174 | 0.936217 | 0.699383 |   12.533 |   10.801 |   14.273 |   12.744 | +4.3e-12 | -4.2e-12 | +9.5e-07 | 5.0e-11 | ja
0    0.652 | 0.0100 | 0.990329922445198 | 2.2e-16 |    34.015410 |    30.844927 | 0.906793 | 0.980753 |    0.000 |    0.000 |    2.276 |    2.234 | +5.0e-12 | -3.4e-11 | +1.4e-06 | 2.4e-11 | ja
1    0.652 | 0.0100 | 0.273680958197647 | 2.2e-15 |    92.608072 |    86.703263 | 0.936239 | 0.703216 |    3.585 |    2.010 |    5.264 |    4.270 | +4.6e-12 | -6.5e-12 | +9.8e-07 | 1.0e-10 | ja
2    0.652 | 0.0100 | 0.0162907472376134 | 1.8e-15 |   168.947852 |   158.428716 | 0.937737 | 0.693280 |    6.496 |    4.812 |    8.210 |    6.901 | +4.2e-12 | -4.5e-12 | +9.6e-07 | 7.7e-11 | ja
3    0.652 | 0.0100 | 0.00047593563334096 | 2.7e-15 |   248.809269 |   233.353068 | 0.937879 | 0.692318 |    9.484 |    7.771 |   11.212 |    9.764 | +4.5e-12 | -4.3e-12 | +9.5e-07 | 9.8e-11 | ja
4    0.652 | 0.0100 | 9.21094154471296e-06 | 1.1e-14 |   329.663892 |   309.191139 | 0.937898 | 0.692170 |   12.514 |   10.790 |   14.247 |   12.726 | +4.3e-12 | -4.2e-12 | +9.4e-07 | 2.2e-10 | ja
0    0.655 | 0.0100 | 0.987314916651548 | 2.2e-16 |    33.242393 |    30.219910 | 0.909077 | 0.974791 |    0.000 |    0.000 |    2.248 |    2.222 | +4.9e-12 | -3.5e-11 | +1.4e-06 | 1.3e-11 | ja
1    0.655 | 0.0100 | 0.272617525122913 | 2.0e-15 |    91.407205 |    85.732312 | 0.937916 | 0.695977 |    3.578 |    2.008 |    5.251 |    4.263 | +4.7e-12 | -6.5e-12 | +9.7e-07 | 1.3e-10 | ja
2    0.655 | 0.0100 | 0.0162855916510633 | 2.7e-15 |   166.832234 |   156.718148 | 0.939376 | 0.686111 |    6.486 |    4.809 |    8.195 |    6.891 | +4.2e-12 | -4.5e-12 | +9.5e-07 | 1.4e-10 | ja
3    0.655 | 0.0100 | 0.000478417689321838 | 2.7e-15 |   245.703000 |   230.841516 | 0.939514 | 0.685161 |    9.471 |    7.764 |   11.193 |    9.751 | +4.5e-12 | -4.3e-12 | +9.5e-07 | 3.1e-11 | ja
4    0.655 | 0.0100 | 9.31581452527004e-06 | 3.6e-15 |   325.549904 |   305.864804 | 0.939533 | 0.685015 |   12.497 |   10.779 |   14.224 |   12.710 | +4.4e-12 | -4.3e-12 | +9.4e-07 | 3.5e-11 | ja
0    0.657 | 0.0100 | 0.984220089703305 | 2.2e-16 |    32.506988 |    29.624169 | 0.911317 | 0.968689 |    0.000 |    0.000 |    2.221 |    2.210 | +4.8e-12 | -3.6e-11 | +1.4e-06 | 2.6e-11 | ja
1    0.657 | 0.0100 | 0.271512009735917 | 2.2e-15 |    90.254873 |    84.798823 | 0.939548 | 0.688791 |    3.571 |    2.007 |    5.239 |    4.257 | +4.8e-12 | -6.5e-12 | +9.7e-07 | 9.6e-11 | ja
2    0.657 | 0.0100 | 0.0162736785618385 | 2.7e-15 |   164.800677 |   155.072410 | 0.940969 | 0.678999 |    6.478 |    4.806 |    8.181 |    6.884 | +4.3e-12 | -4.6e-12 | +9.5e-07 | 1.1e-10 | ja
3    0.657 | 0.0100 | 0.000480562138038449 | 2.7e-15 |   242.719957 |   228.424991 | 0.941105 | 0.678056 |    9.460 |    7.759 |   11.176 |    9.740 | +4.6e-12 | -4.4e-12 | +9.4e-07 | 1.8e-10 | ja
4    0.657 | 0.0100 | 9.41187749129647e-06 | 3.6e-15 |   321.599036 |   302.664256 | 0.941123 | 0.677912 |   12.483 |   10.771 |   14.204 |   12.695 | +4.5e-12 | -4.3e-12 | +9.4e-07 | 5.5e-11 | ja
0    0.660 | 0.0100 | 0.981048399250065 | 2.2e-16 |    31.806804 |    29.055880 | 0.913511 | 0.962456 |    0.000 |    0.000 |    2.195 |    2.199 | +4.7e-12 | -3.6e-11 | +1.4e-06 | 2.1e-11 | ja
1    0.660 | 0.0100 | 0.270366280675276 | 2.2e-15 |    89.148158 |    83.900581 | 0.941136 | 0.681655 |    3.564 |    2.006 |    5.227 |    4.252 | +4.8e-12 | -6.5e-12 | +9.7e-07 | 1.8e-10 | ja
2    0.660 | 0.0100 | 0.0162552709259068 | 2.7e-15 |   162.848201 |   153.487724 | 0.942520 | 0.671942 |    6.470 |    4.804 |    8.168 |    6.877 | +4.3e-12 | -4.6e-12 | +9.5e-07 | 1.4e-10 | ja
3    0.660 | 0.0100 | 0.000482378480649858 | 1.8e-15 |   239.852856 |   226.097968 | 0.942653 | 0.671005 |    9.450 |    7.755 |   11.161 |    9.731 | +4.7e-12 | -4.4e-12 | +9.4e-07 | 3.0e-11 | ja
4    0.660 | 0.0100 | 9.4992557990438e-06 | 1.8e-15 |   317.801656 |   299.582192 | 0.942670 | 0.670865 |   12.470 |   10.764 |   14.186 |   12.683 | +4.5e-12 | -4.3e-12 | +9.4e-07 | 1.2e-10 | ja
0    0.662 | 0.0100 | 0.977802744182046 | 3.3e-16 |    31.139630 |    28.513356 | 0.915661 | 0.956098 |    0.000 |    0.000 |    2.171 |    2.189 | +4.6e-12 | -3.7e-11 | +1.4e-06 | 2.5e-11 | ja
1    0.662 | 0.0100 | 0.269182104520902 | 2.2e-15 |    88.084370 |    83.035543 | 0.942682 | 0.674578 |    3.558 |    2.005 |    5.217 |    4.247 | +4.9e-12 | -6.5e-12 | +9.7e-07 | 1.3e-10 | ja
2    0.662 | 0.0100 | 0.0162306211473994 | 1.8e-15 |   160.970208 |   151.960601 | 0.944029 | 0.664936 |    6.463 |    4.802 |    8.157 |    6.871 | +4.4e-12 | -4.7e-12 | +9.4e-07 | 7.0e-11 | ja
3    0.662 | 0.0100 | 0.000483876137278639 | 1.8e-15 |   237.094971 |   223.855345 | 0.944159 | 0.664008 |    9.441 |    7.751 |   11.147 |    9.723 | +4.7e-12 | -4.5e-12 | +9.4e-07 | 1.5e-10 | ja
4    0.662 | 0.0100 | 9.5780856132309e-06 | 1.8e-15 |   314.148869 |   296.611864 | 0.944176 | 0.663870 |   12.459 |   10.758 |   14.170 |   12.673 | +4.6e-12 | -4.4e-12 | +9.3e-07 | 1.6e-10 | ja
0    0.665 | 0.0100 | 0.974485956349915 | 2.2e-16 |    30.503420 |    27.995035 | 0.917767 | 0.949623 |    0.000 |    0.000 |    2.147 |    2.180 | +4.5e-12 | -3.7e-11 | +1.4e-06 | 9.0e-12 | ja
1    0.665 | 0.0100 | 0.267961152154496 | 2.2e-15 |    87.061025 |    82.201819 | 0.944186 | 0.667551 |    3.553 |    2.005 |    5.208 |    4.243 | +5.0e-12 | -6.5e-12 | +9.6e-07 | 3.8e-11 | ja
2    0.665 | 0.0100 | 0.0161999715084364 | 2.7e-15 |   159.162449 |   150.487813 | 0.945498 | 0.657985 |    6.458 |    4.802 |    8.147 |    6.866 | +4.5e-12 | -4.7e-12 | +9.5e-07 | 1.4e-10 | ja
3    0.665 | 0.0100 | 0.000485064427776853 | 2.7e-15 |   234.440083 |   221.692399 | 0.945625 | 0.657062 |    9.434 |    7.749 |   11.136 |    9.716 | +4.8e-12 | -4.5e-12 | +9.4e-07 | 1.1e-10 | ja
4    0.665 | 0.0100 | 9.64851250790533e-06 | 3.6e-15 |   310.632449 |   293.747024 | 0.945642 | 0.656929 |   12.450 |   10.754 |   14.157 |   12.664 | +4.6e-12 | -4.4e-12 | +9.2e-07 | 2.4e-10 | ja
0    0.667 | 0.0100 | 0.971100793613907 | 2.2e-16 |    29.896280 |    27.499466 | 0.919829 | 0.943037 |    0.000 |    0.000 |    2.125 |    2.171 | +4.3e-12 | -3.7e-11 | +1.4e-06 | 3.6e-11 | ja
1    0.667 | 0.0100 | 0.266705004718644 | 2.0e-15 |    86.075825 |    81.397663 | 0.945651 | 0.660578 |    3.549 |    2.005 |    5.200 |    4.240 | +5.0e-12 | -6.5e-12 | +9.5e-07 | 1.0e-10 | ja
2    0.667 | 0.0100 | 0.0161635545951316 | 1.8e-15 |   157.420988 |   149.066369 | 0.946928 | 0.651087 |    6.453 |    4.801 |    8.139 |    6.862 | +4.5e-12 | -4.8e-12 | +9.4e-07 | 1.8e-10 | ja
3    0.667 | 0.0100 | 0.000485952555910998 | 1.8e-15 |   231.882435 |   219.604753 | 0.947052 | 0.650172 |    9.428 |    7.748 |   11.126 |    9.711 | +4.8e-12 | -4.6e-12 | +9.3e-07 | 1.9e-10 | ja
4    0.667 | 0.0100 | 9.71069020315259e-06 | 3.6e-15 |   307.244778 |   290.981883 | 0.947069 | 0.650038 |   12.443 |   10.751 |   14.146 |   12.658 | +4.7e-12 | -4.5e-12 | +9.2e-07 | 1.3e-10 | ja
0    0.670 | 0.0100 | 0.967649934125089 | 2.2e-16 |    29.316456 |    27.025306 | 0.921848 | 0.936346 |    0.000 |    0.000 |    2.104 |    2.163 | +4.2e-12 | -3.8e-11 | +1.4e-06 | 2.7e-11 | ja
1    0.670 | 0.0100 | 0.265415159193252 | 2.2e-15 |    85.126643 |    80.621454 | 0.947077 | 0.653653 |    3.545 |    2.005 |    5.192 |    4.237 | +5.1e-12 | -6.6e-12 | +9.6e-07 | 1.1e-10 | ja
2    0.670 | 0.0100 | 0.0161215937164196 | 1.8e-15 |   155.742180 |   147.693496 | 0.948320 | 0.644242 |    6.449 |    4.802 |    8.131 |    6.860 | +4.6e-12 | -4.8e-12 | +9.3e-07 | 6.8e-11 | ja
3    0.670 | 0.0100 | 0.000486549596487839 | 2.7e-15 |   229.416687 |   217.588347 | 0.948442 | 0.643332 |    9.424 |    7.747 |   11.118 |    9.708 | +4.9e-12 | -4.6e-12 | +9.3e-07 | 1.2e-10 | ja
4    0.670 | 0.0100 | 9.76477942523604e-06 | 1.8e-15 |   303.978795 |   288.311071 | 0.948458 | 0.643201 |   12.437 |   10.750 |   14.136 |   12.653 | +4.7e-12 | -4.6e-12 | +9.2e-07 | 2.4e-10 | ja
0    0.672 | 0.0100 | 0.964135971738751 | 2.2e-16 |    28.762318 |    26.571305 | 0.923823 | 0.929558 |    0.000 |    0.000 |    2.084 |    2.156 | +4.0e-12 | -3.8e-11 | +1.4e-06 | 3.9e-11 | ja
1    0.672 | 0.0100 | 0.264093033609111 | 2.2e-15 |    84.211507 |    79.871689 | 0.948465 | 0.646785 |    3.541 |    2.005 |    5.186 |    4.235 | +5.1e-12 | -6.6e-12 | +9.5e-07 | 7.5e-11 | ja
2    0.672 | 0.0100 | 0.0160743033131865 | 2.7e-15 |   154.122639 |   146.366615 | 0.949676 | 0.637445 |    6.446 |    4.803 |    8.125 |    6.858 | +4.6e-12 | -4.9e-12 | +9.4e-07 | 1.3e-10 | ja
3    0.672 | 0.0100 | 0.000486864485007039 | 1.8e-15 |   227.037884 |   215.639407 | 0.949795 | 0.636545 |    9.421 |    7.748 |   11.111 |    9.705 | +4.9e-12 | -4.7e-12 | +9.2e-07 | 1.7e-10 | ja
4    0.672 | 0.0100 | 9.81094687874165e-06 | 1.8e-15 |   300.827939 |   285.729594 | 0.949811 | 0.636414 |   12.434 |   10.750 |   14.129 |   12.650 | +4.8e-12 | -4.6e-12 | +9.2e-07 | 4.3e-11 | ja
0    0.675 | 0.0100 | 0.960561412459132 | 2.2e-16 |    28.232353 |    26.136300 | 0.925757 | 0.922678 |    0.000 |    0.000 |    2.064 |    2.149 | +3.8e-12 | -3.7e-11 | +1.4e-06 | 2.7e-11 | ja
1    0.675 | 0.0100 | 0.262739971918751 | 2.0e-15 |    83.328585 |    79.146971 | 0.949818 | 0.639963 |    3.538 |    2.005 |    5.180 |    4.234 | +5.2e-12 | -6.6e-12 | +9.5e-07 | 5.9e-11 | ja
2    0.675 | 0.0100 | 0.0160218893558494 | 2.7e-15 |   152.559219 |   145.083332 | 0.950997 | 0.630701 |    6.444 |    4.804 |    8.120 |    6.857 | +4.6e-12 | -5.0e-12 | +9.2e-07 | 1.5e-10 | ja
3    0.675 | 0.0100 | 0.000486906009481733 | 2.7e-15 |   224.741417 |   213.754426 | 0.951113 | 0.629808 |    9.419 |    7.750 |   11.106 |    9.704 | +4.9e-12 | -4.8e-12 | +9.2e-07 | 1.2e-10 | ja
4    0.675 | 0.0100 | 9.84936432026957e-06 | 3.6e-15 |   297.786116 |   283.232810 | 0.951128 | 0.629679 |   12.432 |   10.752 |   14.124 |   12.648 | +4.8e-12 | -4.7e-12 | +9.1e-07 | 1.2e-10 | ja
0    0.677 | 0.0100 | 0.956928671815742 | 2.2e-16 |    27.725156 |    25.719212 | 0.927649 | 0.915712 |    0.000 |    0.000 |    2.046 |    2.142 | +3.7e-12 | -3.7e-11 | +1.4e-06 | 3.7e-11 | ja
1    0.677 | 0.0100 | 0.261357248544811 | 2.2e-15 |    82.476175 |    78.446000 | 0.951135 | 0.633190 |    3.536 |    2.006 |    5.175 |    4.233 | +5.2e-12 | -6.7e-12 | +9.5e-07 | 8.9e-11 | ja
2    0.677 | 0.0100 | 0.0159645497290763 | 2.7e-15 |   151.048993 |   143.841413 | 0.952283 | 0.624008 |    6.443 |    4.806 |    8.117 |    6.857 | +4.7e-12 | -5.0e-12 | +9.2e-07 | 1.7e-10 | ja
3    0.677 | 0.0100 | 0.000486682804116345 | 1.8e-15 |   222.522999 |   211.930132 | 0.952397 | 0.623119 |    9.418 |    7.752 |   11.103 |    9.704 | +5.0e-12 | -4.8e-12 | +9.2e-07 | 1.9e-10 | ja
4    0.677 | 0.0100 | 9.88020772410833e-06 | 7.1e-15 |   294.847650 |   280.816393 | 0.952412 | 0.622993 |   12.431 |   10.754 |   14.121 |   12.648 | +4.8e-12 | -4.8e-12 | +9.1e-07 | 1.2e-10 | ja
0    0.680 | 0.0100 | 0.953240073074039 | 2.2e-16 |    27.239418 |    25.319034 | 0.929500 | 0.908667 |    0.000 |    0.000 |    2.029 |    2.136 | +3.5e-12 | -3.7e-11 | +1.4e-06 | 1.3e-11 | ja
1    0.680 | 0.0100 | 0.259946072625765 | 2.0e-15 |    81.652692 |    77.767566 | 0.952419 | 0.626467 |    3.534 |    2.007 |    5.171 |    4.232 | +5.3e-12 | -6.7e-12 | +9.4e-07 | 4.8e-11 | ja
2    0.680 | 0.0100 | 0.0159024746027653 | 2.7e-15 |   149.589234 |   142.638779 | 0.953536 | 0.617363 |    6.443 |    4.808 |    8.114 |    6.858 | +4.7e-12 | -5.1e-12 | +9.3e-07 | 5.6e-11 | ja
3    0.680 | 0.0100 | 0.000486203344572851 | 2.7e-15 |   220.378634 |   210.163480 | 0.953647 | 0.616481 |    9.418 |    7.755 |   11.101 |    9.705 | +5.0e-12 | -4.9e-12 | +9.2e-07 | 1.8e-10 | ja
4    0.680 | 0.0100 | 9.90365653118685e-06 | 1.8e-15 |   292.007254 |   278.476309 | 0.953662 | 0.616355 |   12.432 |   10.758 |   14.119 |   12.650 | +4.9e-12 | -4.8e-12 | +9.1e-07 | 6.2e-11 | ja
0    0.682 | 0.0100 | 0.94949784618697 | 2.2e-16 |    26.773922 |    24.934826 | 0.931310 | 0.901546 |    0.000 |    0.000 |    2.012 |    2.131 | +3.3e-12 | -3.6e-11 | +1.4e-06 | 2.6e-11 | ja
1    0.682 | 0.0100 | 0.258507591978239 | 2.0e-15 |    80.856658 |    77.110541 | 0.953670 | 0.619794 |    3.533 |    2.008 |    5.168 |    4.233 | +5.3e-12 | -6.8e-12 | +9.4e-07 | 1.4e-10 | ja
2    0.682 | 0.0100 | 0.0158358467887465 | 1.8e-15 |   148.177399 |   141.473486 | 0.954758 | 0.610766 |    6.443 |    4.811 |    8.112 |    6.859 | +4.7e-12 | -5.2e-12 | +9.2e-07 | 1.1e-10 | ja
3    0.682 | 0.0100 | 0.00048547594459293 | 1.8e-15 |   218.304597 |   208.451622 | 0.954866 | 0.609890 |    9.420 |    7.759 |   11.100 |    9.708 | +5.0e-12 | -5.0e-12 | +9.1e-07 | 6.5e-11 | ja
4    0.682 | 0.0100 | 9.91989297337378e-06 | 1.8e-15 |   289.259996 |   276.208792 | 0.954881 | 0.609763 |   12.434 |   10.763 |   14.119 |   12.653 | +4.9e-12 | -4.9e-12 | +9.0e-07 | 1.1e-10 | ja
0    0.685 | 0.0100 | 0.945704127398458 | 3.3e-16 |    26.327533 |    24.565713 | 0.933081 | 0.894356 |    0.000 |    0.000 |    1.996 |    2.126 | +3.1e-12 | -3.5e-11 | +1.4e-06 | 1.8e-11 | ja
1    0.685 | 0.0100 | 0.257042896794482 | 2.0e-15 |    80.086696 |    76.473869 | 0.954889 | 0.613168 |    3.532 |    2.009 |    5.165 |    4.233 | +5.3e-12 | -6.8e-12 | +9.4e-07 | 1.2e-10 | ja
2    0.685 | 0.0100 | 0.0157648420829392 | 2.7e-15 |   146.811111 |   140.343720 | 0.955948 | 0.604215 |    6.444 |    4.815 |    8.112 |    6.861 | +4.7e-12 | -5.2e-12 | +9.2e-07 | 1.7e-10 | ja
3    0.685 | 0.0100 | 0.000484508753774904 | 1.8e-15 |   216.297406 |   206.791901 | 0.956054 | 0.603346 |    9.422 |    7.764 |   11.101 |    9.711 | +5.1e-12 | -5.0e-12 | +9.1e-07 | 1.5e-10 | ja
4    0.685 | 0.0100 | 9.92910146593687e-06 | 1.8e-15 |   286.601266 |   274.010322 | 0.956068 | 0.603223 |   12.438 |   10.769 |   14.121 |   12.658 | +4.9e-12 | -5.0e-12 | +9.0e-07 | 1.1e-10 | ja
0    0.688 | 0.0100 | 0.941860959415244 | 2.2e-16 |    25.899194 |    24.210878 | 0.934812 | 0.887102 |    0.000 |    0.000 |    1.981 |    2.122 | +2.9e-12 | -3.4e-11 | +1.4e-06 | 1.3e-11 | ja
1    0.688 | 0.0100 | 0.25555302309263 | 2.2e-15 |    79.341519 |    75.856566 | 0.956077 | 0.606588 |    3.531 |    2.011 |    5.163 |    4.235 | +5.4e-12 | -6.9e-12 | +9.4e-07 | 9.0e-11 | ja
2    0.688 | 0.0100 | 0.01568962959291 | 2.7e-15 |   145.488152 |   139.247782 | 0.957107 | 0.597713 |    6.446 |    4.819 |    8.112 |    6.865 | +4.8e-12 | -5.3e-12 | +9.2e-07 | 1.5e-10 | ja
3    0.688 | 0.0100 | 0.000483309756331676 | 1.8e-15 |   214.353806 |   205.181826 | 0.957211 | 0.596849 |    9.426 |    7.770 |   11.103 |    9.716 | +5.1e-12 | -5.1e-12 | +9.1e-07 | 4.2e-11 | ja
4    0.688 | 0.0100 | 9.9314680616335e-06 | 3.6e-15 |   284.026759 |   271.877605 | 0.957225 | 0.596727 |   12.444 |   10.776 |   14.125 |   12.664 | +4.9e-12 | -5.0e-12 | +9.0e-07 | 2.0e-10 | ja
0    0.690 | 0.0100 | 0.937970292069112 | 2.2e-16 |    25.487917 |    23.869558 | 0.936505 | 0.879788 |    0.000 |    0.000 |    1.967 |    2.118 | +2.7e-12 | -3.3e-11 | +1.4e-06 | 5.7e-12 | ja
1    0.690 | 0.0100 | 0.25403895593656 | 2.0e-15 |    78.619923 |    75.257709 | 0.957235 | 0.600053 |    3.531 |    2.012 |    5.162 |    4.236 | +5.4e-12 | -6.9e-12 | +9.4e-07 | 5.4e-11 | ja
2    0.690 | 0.0100 | 0.0156103720509468 | 1.8e-15 |   144.206442 |   138.184084 | 0.958238 | 0.591259 |    6.449 |    4.823 |    8.114 |    6.869 | +4.8e-12 | -5.4e-12 | +9.2e-07 | 9.4e-11 | ja
3    0.690 | 0.0100 | 0.000481886770679559 | 2.7e-15 |   212.470751 |   203.619069 | 0.958339 | 0.590400 |    9.431 |    7.777 |   11.106 |    9.722 | +5.1e-12 | -5.2e-12 | +9.0e-07 | 1.3e-10 | ja
4    0.690 | 0.0100 | 9.92717996052239e-06 | 3.6e-15 |   281.532441 |   269.807556 | 0.958353 | 0.590279 |   12.450 |   10.785 |   14.130 |   12.671 | +5.0e-12 | -5.1e-12 | +9.0e-07 | 9.9e-11 | ja
0    0.693 | 0.0100 | 0.934033983397589 | 3.3e-16 |    25.092781 |    23.541038 | 0.938160 | 0.872419 |    0.000 |    0.000 |    1.953 |    2.114 | +2.4e-12 | -3.2e-11 | +1.4e-06 | 1.6e-11 | ja
1    0.693 | 0.0100 | 0.252501632441125 | 2.2e-15 |    77.920782 |    74.676436 | 0.958364 | 0.593564 |    3.531 |    2.014 |    5.161 |    4.239 | +5.4e-12 | -6.9e-12 | +9.3e-07 | 8.5e-11 | ja
2    0.693 | 0.0100 | 0.0155272261128799 | 1.8e-15 |   142.964035 |   137.151134 | 0.959340 | 0.584848 |    6.452 |    4.828 |    8.116 |    6.873 | +4.8e-12 | -5.4e-12 | +9.1e-07 | 7.3e-11 | ja
3    0.693 | 0.0100 | 0.000480247449728131 | 2.7e-15 |   210.645389 |   202.101443 | 0.959439 | 0.583994 |    9.437 |    7.784 |   11.111 |    9.728 | +5.1e-12 | -5.3e-12 | +9.1e-07 | 1.4e-10 | ja
4    0.693 | 0.0100 | 9.91642507013877e-06 | 1.8e-15 |   279.114534 |   267.797283 | 0.959453 | 0.583875 |   12.458 |   10.795 |   14.137 |   12.680 | +5.0e-12 | -5.2e-12 | +9.0e-07 | 1.2e-10 | ja
0    0.695 | 0.0100 | 0.930053801077127 | 2.2e-16 |    24.712923 |    23.224650 | 0.939778 | 0.865000 |    0.000 |    0.000 |    1.940 |    2.111 | +2.2e-12 | -3.1e-11 | +1.4e-06 | 8.7e-12 | ja
1    0.695 | 0.0100 | 0.250941944577694 | 2.2e-15 |    77.243038 |    74.111935 | 0.959464 | 0.587119 |    3.532 |    2.016 |    5.161 |    4.241 | +5.4e-12 | -7.0e-12 | +9.3e-07 | 4.0e-11 | ja
2    0.695 | 0.0100 | 0.0154403426429872 | 1.8e-15 |   141.759106 |   136.147533 | 0.960415 | 0.578481 |    6.457 |    4.834 |    8.119 |    6.879 | +4.8e-12 | -5.5e-12 | +9.1e-07 | 8.0e-11 | ja
3    0.695 | 0.0100 | 0.000478399281759248 | 2.7e-15 |   208.875041 |   200.626899 | 0.960512 | 0.577633 |    9.444 |    7.792 |   11.117 |    9.736 | +5.1e-12 | -5.3e-12 | +9.0e-07 | 9.3e-11 | ja
4    0.695 | 0.0100 | 9.89939161119804e-06 | 1.8e-15 |   276.769494 |   265.844070 | 0.960525 | 0.577515 |   12.468 |   10.805 |   14.145 |   12.690 | +5.0e-12 | -5.2e-12 | +8.9e-07 | 1.7e-10 | ja
0    0.698 | 0.0100 | 0.926031424148846 | 2.2e-16 |    24.347538 |    22.919768 | 0.941359 | 0.857534 |    0.000 |    0.000 |    1.928 |    2.108 | +2.0e-12 | -2.9e-11 | +1.4e-06 | 1.7e-11 | ja
1    0.698 | 0.0100 | 0.249360741793909 | 2.2e-15 |    76.585703 |    73.563446 | 0.960538 | 0.580717 |    3.534 |    2.019 |    5.162 |    4.244 | +5.4e-12 | -7.0e-12 | +9.3e-07 | 1.4e-10 | ja
2    0.698 | 0.0100 | 0.0153498669853811 | 2.7e-15 |   140.589940 |   135.171968 | 0.961463 | 0.572160 |    6.461 |    4.840 |    8.124 |    6.885 | +4.8e-12 | -5.6e-12 | +9.1e-07 | 1.5e-10 | ja
3    0.698 | 0.0100 | 0.000476349591798662 | 1.8e-15 |   207.157197 |   199.193508 | 0.961557 | 0.571319 |    9.452 |    7.801 |   11.124 |    9.745 | +5.1e-12 | -5.4e-12 | +8.9e-07 | 6.3e-11 | ja
4    0.698 | 0.0100 | 9.8762677644415e-06 | 1.8e-15 |   274.493996 |   263.945367 | 0.961571 | 0.571200 |   12.478 |   10.817 |   14.155 |   12.701 | +5.0e-12 | -5.3e-12 | +8.9e-07 | 1.6e-10 | ja
0    0.700 | 0.0100 | 0.92196844498274 | 2.2e-16 |    23.995872 |    22.625808 | 0.942904 | 0.850026 |    0.000 |    0.000 |    1.916 |    2.106 | +1.7e-12 | -2.8e-11 | +1.4e-06 | 2.3e-11 | ja
1    0.700 | 0.0100 | 0.247758833460733 | 2.2e-15 |    75.947846 |    73.030256 | 0.961584 | 0.574358 |    3.535 |    2.021 |    5.163 |    4.248 | +5.4e-12 | -7.1e-12 | +9.2e-07 | 6.1e-11 | ja
2    0.700 | 0.0100 | 0.0152559392223349 | 2.7e-15 |   139.454929 |   134.223202 | 0.962484 | 0.565880 |    6.467 |    4.846 |    8.129 |    6.892 | +4.8e-12 | -5.6e-12 | +9.0e-07 | 1.3e-10 | ja
3    0.700 | 0.0100 | 0.000474105543396689 | 2.7e-15 |   205.489493 |   197.799460 | 0.962577 | 0.565046 |    9.460 |    7.811 |   11.133 |    9.755 | +5.1e-12 | -5.4e-12 | +9.0e-07 | 1.6e-10 | ja
4    0.700 | 0.0100 | 9.84724135466825e-06 | 1.8e-15 |   272.284912 |   262.098774 | 0.962590 | 0.564928 |   12.490 |   10.830 |   14.167 |   12.714 | +5.0e-12 | -5.4e-12 | +8.9e-07 | 1.4e-10 | ja

Zeilen: 365, gueltig 365

Q_min(m) im Gitter (kleinste Ladung je m) und NLS-Grenze omega -> 1 (Q_lim = 2 N_T):
m | Q_min        | bei omega^2 | Lage                        | E_min        | J = m Q_min  | Q faellt monoton | Q_lim (NLS)  | rho_max/m (NLS)
0 |     23.99587 | 0.700       | Rand oben (groesstes omega^2) |     22.62581 |       0.0000 | ja               | - | -
1 |     75.94785 | 0.700       | Rand oben (groesstes omega^2) |     73.03026 |      75.9478 | ja               | - | -
2 |    139.45493 | 0.700       | Rand oben (groesstes omega^2) |    134.22320 |     278.9099 | ja               | - | -
3 |    205.48949 | 0.700       | Rand oben (groesstes omega^2) |    197.79946 |     616.4685 | ja               | - | -
4 |    272.28491 | 0.700       | Rand oben (groesstes omega^2) |    262.09877 |    1089.1396 | ja               | - | -
5 | keine gueltigen Zeilen
6 | keine gueltigen Zeilen
7 | keine gueltigen Zeilen
8 | keine gueltigen Zeilen
beta (Gitter, m = 3..8): 0.97835 (Standardfehler nan, rms 2.3e-15, n = 2)
alpha (Ecken der fuehrenden Bahn, Gitter, m = 3..8): 2.02203 (Standardfehler nan, rms 7.6e-15, n = 2)
beta lokal: 3-4: 0.9784
alpha lokal: 3-4: 2.0220
Ecken (E_min(m), J = m Q): m=1: E=73.030, J=75.95, J/E^2=0.01424, w2=0.700; m=2: E=134.223, J=278.91, J/E^2=0.01548, w2=0.700; m=3: E=197.799, J=616.47, J/E^2=0.01576, w2=0.700; m=4: E=262.099, J=1089.14, J/E^2=0.01585, w2=0.700
Huelle E_min(J) (Karte): alpha = 1/Steigung(ln E gegen ln J) = 1.1663, Abwaertsspruenge (Saegezahn): 1, Anteile je m: {'3': 399, '4': 1}
Huelle J_max(E) (Chew-Frautschi): alpha = 1.1724

Ringbild: Exponent gamma aus ln R_max gegen ln m (m = 3..8); R_max sqrt(a)/m (NLS-Duennring: sqrt 2 = 1,4142)
  omega^2 = 0.55: gamma = 0.9271; R_max: 0: 0.00, 1: 6.02, 2: 9.93, 3: 14.12, 4: 18.44; R_max sqrt(a)/m: 1: 4.040, 2: 3.330, 3: 3.158, 4: 3.093; Dicke/R: 1: 1.107, 2: 0.698, 3: 0.497, 4: 0.383
  omega^2 = 0.7: gamma = 0.9658; R_max: 0: 0.00, 1: 3.54, 2: 6.47, 3: 9.46, 4: 12.49; R_max sqrt(a)/m: 1: 1.936, 2: 1.771, 3: 1.727, 4: 1.710; Dicke/R: 1: 0.889, 2: 0.508, 3: 0.351, 4: 0.267
  omega^2 = 0.8: gamma = -; R_max: ; R_max sqrt(a)/m: ; Dicke/R: 
  omega^2 = 0.9: gamma = -; R_max: ; R_max sqrt(a)/m: ; Dicke/R: 
  omega^2 = 0.95: gamma = -; R_max: ; R_max sqrt(a)/m: ; Dicke/R: 
  omega^2 = 0.99: gamma = -; R_max: ; R_max sqrt(a)/m: ; Dicke/R: 

Rotorprobe (Nebenprobe): bei festem Q Energie je m; Exponent aus ln(E_m - E_0) gegen ln m (starrer Rotor: 2)
  Q = 300.0: E_m = 0: 231.404, 1: 245.092, 2: 260.767, 3: 274.174, 4: 285.050; Exponent = 0.994
  Q = 1000.0: E_m = 0: 741.567, 1: 758.395, 2: 780.973, 3: 802.104, 4: 821.394; Exponent = 1.129
Nebenprobe dE = omega dQ (Trapez zwischen Nachbarzeilen, max. relativer Rest je m): 0: 7.0e-05, 1: 6.7e-05, 2: 6.3e-05, 3: 6.1e-05, 4: 6.0e-05

L2 Anschluss m = 0 an RUNDE-03 (Abweichungen: p, S_max, R_halb absolut; Q, E relativ; Grenzen {'p': 1e-09, 'Q': 0.0001, 'E': 0.0001, 'S_max': 1e-05, 'R_halb': 0.002}):
  omega^2 = 0.52 (h = 0.01): dp = +0.00e+00, dQ/Q = -3.70e-08, dE/E = -7.55e-08, dS_max = -4.92e-07, dR_halb = +1.32e-04 -> bestanden
  omega^2 = 0.55 (h = 0.01): dp = -2.22e-16, dQ/Q = +3.36e-07, dE/E = +8.81e-08, dS_max = +3.45e-07, dR_halb = +3.78e-04 -> bestanden
  omega^2 = 0.6 (h = 0.01): dp = +4.44e-16, dQ/Q = +1.79e-06, dE/E = +1.63e-06, dS_max = -3.19e-07, dR_halb = +4.63e-04 -> bestanden
  omega^2 = 0.7 (h = 0.01): dp = +1.33e-15, dQ/Q = +2.98e-06, dE/E = +3.43e-07, dS_max = -1.86e-07, dR_halb = +1.73e-04 -> bestanden
  L2 (R3-Anschluss): bestanden
L2 Codeprobe J = m Q auf dem Gitter: max |J/(mQ) - 1| = -, m = 0: max |J/Q| = -, max |Q_gitter/Q - 1| = -, max |E_gitter/E - 1| = -, max Rest der 2D-Feldgleichung = - -> NICHT bestanden oder fehlt

Urteile (Regeln vorab, PLAN.md Abschnitt 5): {"alpha": "H getragen (alpha = 2 innerhalb 0,1)", "beta": "Ring-Mechanismus getragen (beta = 1 innerhalb 0,1)", "qmin_lage": ["Rand oben (groesstes omega^2)"]}
