Runde 7 bic2 barriere Start 2026-09-30T09:32:07+00:00, Geraet cpu, torch 2.5.1+cu121
=== barriere dim = 2.0, beta = 0.5, h = 0.02, omega^2 = 0.535 .. 0.587 (14 Werte)
  omega^2 | S0 | dp(S0) | c(eps)^2 | B | Q | Virialrest
  0.5350 | 1.033330 | 1.671650 | 0.696223 | +0.975426 | 474.4257 | -5.37e-09
  0.5390 | 1.036938 | 1.690832 | 0.697826 | +0.993006 | 384.5601 | -7.37e-09
  0.5430 | 1.040493 | 1.709841 | 0.699431 | +1.010410 | 318.4568 | -9.79e-09
  0.5470 | 1.043973 | 1.728566 | 0.701038 | +1.027529 | 268.4051 | -1.27e-08
  0.5510 | 1.047350 | 1.746838 | 0.702646 | +1.044192 | 229.5887 | -1.60e-08
  0.5550 | 1.050583 | 1.764429 | 0.704257 | +1.060173 | 198.8732 | -1.99e-08
  0.5590 | 1.053624 | 1.781063 | 0.705869 | +1.075194 | 174.1471 | -2.44e-08
  0.5630 | 1.056420 | 1.796422 | 0.707483 | +1.088939 | 153.9456 | -2.94e-08
  0.5670 | 1.058911 | 1.810170 | 0.709099 | +1.101072 | 137.2268 | -3.50e-08
  0.5710 | 1.061040 | 1.821964 | 0.710716 | +1.111248 | 123.2331 | -4.12e-08
  0.5750 | 1.062750 | 1.831469 | 0.712336 | +1.119133 | 111.4028 | -4.81e-08
  0.5790 | 1.063990 | 1.838375 | 0.713957 | +1.124417 | 101.3122 | -5.56e-08
  0.5830 | 1.064711 | 1.842400 | 0.715581 | +1.126820 | 92.6370 | -6.38e-08
  0.5870 | 1.064874 | 1.843309 | 0.717206 | +1.126104 | 85.1254 | -7.26e-08
  x_B = 0.587 (zusammenhaengend von unten: 0.587)
Ende 2026-09-30T09:36:39+00:00, 272.2 s; entfallen: nichts
