Runde 6 M1 medium1d.py landau Start 2026-09-30T01:48:21+00:00 auf Quadro P4000, torch 2.5.1+cu121, Zeitfaktor 1.0, Stufen grob/fein

landau (Wellen 5): Ball in Falle, Medium adiabatisch auf u (Lorentz, Ruhdichte C0). F_med = Kraft des Mediums, gemittelt ab Rampenende + 50. F_MIN = 2e-06.
  Lauf | u (Gitter) | u/c_s | F_med Fenster (1./2. Haelfte) | F_std | F_Falle | Einschwing-Spitze | v, a Ball | S gehalten | C fern
  [grob]
  C0=0.1 u=0.00                | +0.0000 | +0.00 | -3.66e-19 (-1.59e-18, 1.79e-20) | 6.10e-18 | 3.64e-18 | 1.59e-17 | 0.00e+00, 0.00e+00 | 1.0009 | 0.100033
  C0=0.1 u=0.05                | +0.0500 | +0.24 | 1.62e-07 (4.97e-07, 2.23e-08) | 5.03e-07 | -1.42e-07 | 2.05e-05 | -2.43e-07, 1.06e-08 | 1.0011 | 0.100033
  C0=0.1 u=0.08                | +0.0800 | +0.38 | 1.41e-06 (3.32e-06, 3.88e-07) | 2.27e-06 | -1.34e-06 | 3.78e-05 | -1.33e-06, 3.30e-08 | 1.0013 | 0.100033
  C0=0.1 u=0.10                | +0.1000 | +0.48 | 5.77e-06 (1.10e-05, 2.43e-06) | 5.77e-06 | -5.64e-06 | 5.55e-05 | -3.66e-06, 6.16e-08 | 1.0017 | 0.100033
  C0=0.1 u=0.12                | +0.1200 | +0.58 | 2.32e-05 (3.47e-05, 1.45e-05) | 1.24e-05 | -2.30e-05 | 8.54e-05 | -8.25e-06, 8.48e-08 | 1.0023 | 0.100033
  C0=0.1 u=0.14                | +0.1400 | +0.67 | 9.11e-05 (1.03e-04, 8.20e-05) | 1.23e-05 | -9.10e-05 | 1.37e-04 | -8.38e-06, 7.60e-08 | 1.0034 | 0.100034
  C0=0.1 u=0.16                | +0.1600 | +0.77 | 3.27e-04 (2.74e-04, 3.98e-04) | 7.73e-05 | -3.26e-04 | 2.47e-04 | 5.03e-05, 5.33e-07 | 1.0050 | 0.100034
  C0=0.1 u=0.18                | +0.1800 | +0.86 | 8.54e-04 (6.16e-04, 1.14e-03) | 2.94e-04 | -8.51e-04 | 4.64e-04 | 2.01e-04, 1.03e-06 | 1.0034 | 0.100034
  C0=0.1 u=0.21                | +0.2100 | +1.01 | 1.28e-03 (1.22e-03, 1.18e-03) | 1.37e-04 | -1.29e-03 | 9.37e-04 | -1.12e-05, -3.70e-06 | 1.0013 | 0.100034
  C0=0.1 u=0.25                | +0.2500 | +1.20 | 1.18e-03 (1.31e-03, 1.11e-03) | 1.11e-04 | -1.17e-03 | 1.40e-03 | -6.95e-05, 1.53e-06 | 1.0006 | 0.100035
  C0=0.1 u=0.30                | +0.2999 | +1.44 | 1.33e-03 (1.30e-03, 1.37e-03) | 3.30e-05 | -1.33e-03 | 1.53e-03 | 1.70e-05, 5.86e-07 | 0.9987 | 0.100036
  C0=0.1 u=0.40                | +0.3999 | +1.92 | 7.36e-04 (9.33e-04, 6.53e-04) | 1.75e-04 | -7.37e-04 | 1.58e-03 | 7.06e-07, -1.66e-06 | 0.9973 | 0.100038
  C0=0.3 u=0.10                | +0.1000 | +0.31 | -9.15e-09 (-6.71e-09, -1.81e-09) | 1.31e-06 | 2.29e-08 | 2.54e-05 | 3.43e-08, 1.09e-08 | 1.0033 | 0.300110
  C0=0.3 u=0.15                | +0.1500 | +0.47 | 1.51e-08 (1.59e-07, -1.21e-08) | 1.48e-06 | 2.29e-08 | 5.05e-05 | -1.23e-07, 2.71e-08 | 1.0039 | 0.300112
  C0=0.3 u=0.19                | +0.1900 | +0.59 | 9.60e-07 (3.17e-06, 8.62e-08) | 3.47e-06 | -8.14e-07 | 9.57e-05 | -1.79e-06, 8.03e-08 | 1.0047 | 0.300114
  C0=0.3 u=0.23                | +0.2300 | +0.72 | 2.99e-05 (5.47e-05, 1.36e-05) | 2.71e-05 | -2.92e-05 | 2.13e-04 | -1.80e-05, 2.86e-07 | 1.0064 | 0.300116
  C0=0.3 u=0.27                | +0.2700 | +0.84 | 1.15e-03 (7.99e-04, 1.70e-03) | 5.98e-04 | -1.14e-03 | 6.57e-04 | 3.80e-04, 5.30e-06 | 1.0132 | 0.300119
  C0=0.3 u=0.31                | +0.3099 | +0.96 | 3.04e-03 (3.36e-03, 2.17e-03) | 6.49e-04 | -3.07e-03 | 2.38e-03 | -3.30e-04, -1.10e-05 | 1.0072 | 0.300121
  C0=0.3 u=0.36                | +0.3599 | +1.12 | 2.82e-03 (2.78e-03, 3.05e-03) | 2.01e-04 | -2.81e-03 | 3.45e-03 | 4.43e-05, 5.01e-06 | 1.0036 | 0.300129
  C0=0.3 u=0.45                | +0.4498 | +1.40 | 1.88e-03 (1.62e-03, 1.96e-03) | 1.72e-04 | -1.89e-03 | 3.42e-03 | 1.20e-04, -3.86e-07 | 0.9995 | 0.300258
  Spiegel C0=0.1 u=-0.25       | -0.2500 | -1.20 | -1.18e-03 (-1.31e-03, -1.11e-03) | 1.11e-04 | 1.17e-03 | 1.40e-03 | 6.95e-05, -1.53e-06 | 1.0006 | 0.100035
  lam=0 C0=0.1 u=0.25          | +0.2500 | +1.20 | 0.00e+00 (0.00e+00, 0.00e+00) | 0.00e+00 | 2.46e-18 | 0.00e+00 | 0.00e+00, 0.00e+00 | 1.0025 | 0.100035
  Medium allein u=0.25         | +0.2500 | +1.20 | 0.00e+00 (0.00e+00, 0.00e+00) | 0.00e+00 | 0.00e+00 | 0.00e+00 | 0.00e+00, 0.00e+00 | nan | 0.100035
  langsam C0=0.1 u=0.10        | +0.1000 | +0.48 | 7.06e-06 (1.00e-05, 4.73e-06) | 3.20e-06 | -6.92e-06 | 4.25e-05 | -4.19e-06, 5.89e-08 | 1.0016 | 0.100033
  Schwelle C0 = 0.1: u_c = 0.090 (zwischen 0.08 und 0.10), u_c/c_s = 0.43 (c_s = 0.2085)
  Schwelle C0 = 0.3: u_c = 0.210 (zwischen 0.19 und 0.23), u_c/c_s = 0.65 (c_s = 0.3216)
  [fein]
  C0=0.1 u=0.00                | +0.0000 | +0.00 | -2.25e-19 (-2.12e-19, -1.50e-18) | 5.57e-18 | -5.04e-18 | 1.75e-17 | 0.00e+00, 0.00e+00 | 1.0009 | 0.100008
  C0=0.1 u=0.05                | +0.0500 | +0.24 | 1.62e-07 (4.98e-07, 2.24e-08) | 4.71e-07 | -1.42e-07 | 2.05e-05 | -2.44e-07, 1.06e-08 | 1.0010 | 0.100008
  C0=0.1 u=0.08                | +0.0800 | +0.38 | 1.41e-06 (3.33e-06, 3.90e-07) | 2.25e-06 | -1.34e-06 | 3.77e-05 | -1.34e-06, 3.30e-08 | 1.0013 | 0.100008
  C0=0.1 u=0.10                | +0.1000 | +0.48 | 5.78e-06 (1.10e-05, 2.44e-06) | 5.76e-06 | -5.64e-06 | 5.54e-05 | -3.66e-06, 6.16e-08 | 1.0016 | 0.100008
  C0=0.1 u=0.12                | +0.1200 | +0.58 | 2.32e-05 (3.47e-05, 1.45e-05) | 1.23e-05 | -2.31e-05 | 8.51e-05 | -8.25e-06, 8.47e-08 | 1.0022 | 0.100008
  C0=0.1 u=0.14                | +0.1400 | +0.67 | 9.12e-05 (1.03e-04, 8.20e-05) | 1.23e-05 | -9.10e-05 | 1.36e-04 | -8.37e-06, 7.60e-08 | 1.0033 | 0.100008
  C0=0.1 u=0.16                | +0.1600 | +0.77 | 3.27e-04 (2.74e-04, 3.98e-04) | 7.72e-05 | -3.25e-04 | 2.47e-04 | 5.02e-05, 5.32e-07 | 1.0049 | 0.100008
  C0=0.1 u=0.18                | +0.1800 | +0.86 | 8.53e-04 (6.15e-04, 1.14e-03) | 2.93e-04 | -8.51e-04 | 4.64e-04 | 2.01e-04, 1.03e-06 | 1.0037 | 0.100009
  C0=0.1 u=0.21                | +0.2100 | +1.01 | 1.28e-03 (1.22e-03, 1.18e-03) | 1.37e-04 | -1.29e-03 | 9.36e-04 | -1.10e-05, -3.70e-06 | 1.0016 | 0.100009
  C0=0.1 u=0.25                | +0.2500 | +1.20 | 1.17e-03 (1.31e-03, 1.11e-03) | 1.11e-04 | -1.17e-03 | 1.40e-03 | -6.96e-05, 1.52e-06 | 1.0012 | 0.100009
  C0=0.1 u=0.30                | +0.3000 | +1.44 | 1.33e-03 (1.30e-03, 1.37e-03) | 3.29e-05 | -1.33e-03 | 1.53e-03 | 1.69e-05, 5.87e-07 | 0.9992 | 0.100009
  C0=0.1 u=0.40                | +0.4000 | +1.92 | 7.35e-04 (9.32e-04, 6.52e-04) | 1.75e-04 | -7.36e-04 | 1.58e-03 | 7.50e-07, -1.65e-06 | 0.9971 | 0.100009
  C0=0.3 u=0.10                | +0.1000 | +0.31 | -8.77e-09 (-6.24e-09, -1.56e-09) | 4.57e-07 | 2.25e-08 | 2.51e-05 | 3.35e-08, 1.09e-08 | 1.0031 | 0.300028
  C0=0.3 u=0.15                | +0.1500 | +0.47 | 1.54e-08 (1.60e-07, -1.24e-08) | 6.61e-07 | 2.26e-08 | 4.98e-05 | -1.25e-07, 2.71e-08 | 1.0037 | 0.300028
  C0=0.3 u=0.19                | +0.1900 | +0.59 | 9.63e-07 (3.18e-06, 8.65e-08) | 3.27e-06 | -8.16e-07 | 9.45e-05 | -1.79e-06, 8.04e-08 | 1.0045 | 0.300028
  C0=0.3 u=0.23                | +0.2300 | +0.72 | 2.99e-05 (5.48e-05, 1.36e-05) | 2.71e-05 | -2.93e-05 | 2.12e-04 | -1.80e-05, 2.86e-07 | 1.0063 | 0.300029
  C0=0.3 u=0.27                | +0.2700 | +0.84 | 1.15e-03 (7.99e-04, 1.70e-03) | 5.98e-04 | -1.14e-03 | 6.58e-04 | 3.80e-04, 5.29e-06 | 1.0132 | 0.300030
  C0=0.3 u=0.31                | +0.3100 | +0.96 | 3.04e-03 (3.36e-03, 2.17e-03) | 6.48e-04 | -3.06e-03 | 2.38e-03 | -3.29e-04, -1.10e-05 | 1.0071 | 0.300029
  C0=0.3 u=0.36                | +0.3600 | +1.12 | 2.82e-03 (2.78e-03, 3.05e-03) | 2.01e-04 | -2.81e-03 | 3.44e-03 | 4.41e-05, 5.01e-06 | 1.0037 | 0.300034
  C0=0.3 u=0.45                | +0.4499 | +1.40 | 1.88e-03 (1.62e-03, 1.96e-03) | 1.72e-04 | -1.89e-03 | 3.42e-03 | 1.20e-04, -3.92e-07 | 0.9998 | 0.300152
  Spiegel C0=0.1 u=-0.25       | -0.2500 | -1.20 | -1.17e-03 (-1.31e-03, -1.11e-03) | 1.11e-04 | 1.17e-03 | 1.40e-03 | 6.96e-05, -1.52e-06 | 1.0012 | 0.100009
  lam=0 C0=0.1 u=0.25          | +0.2500 | +1.20 | 0.00e+00 (0.00e+00, 0.00e+00) | 0.00e+00 | 1.99e-18 | 0.00e+00 | 0.00e+00, 0.00e+00 | 1.0024 | 0.100009
  Medium allein u=0.25         | +0.2500 | +1.20 | 0.00e+00 (0.00e+00, 0.00e+00) | 0.00e+00 | 0.00e+00 | 0.00e+00 | 0.00e+00, 0.00e+00 | nan | 0.100009
  langsam C0=0.1 u=0.10        | +0.1000 | +0.48 | 7.07e-06 (1.00e-05, 4.74e-06) | 3.18e-06 | -6.93e-06 | 4.23e-05 | -4.20e-06, 5.89e-08 | 1.0016 | 0.100008
  Schwelle C0 = 0.1: u_c = 0.090 (zwischen 0.08 und 0.10), u_c/c_s = 0.43 (c_s = 0.2085)
  Schwelle C0 = 0.3: u_c = 0.210 (zwischen 0.19 und 0.23), u_c/c_s = 0.65 (c_s = 0.3216)
  L3 (Effekt >= 5 x Aenderung grob -> fein): 22 von 22 Kenngroessen bestanden
  Rechenzeit grob 32.3 s, fein 77.1 s

Ende 2026-09-30T01:50:12+00:00, Dauer 110.4 s, Torch-Speicher max 124 MB, Fehler in: keine
