Runde 7 bic2 barriere Start 2026-09-30T09:32:06+00:00, Geraet cpu, torch 2.5.1+cu121
=== barriere dim = 2.0, beta = 0.5, h = 0.02, omega^2 = 0.591 .. 0.643 (14 Werte)
  omega^2 | S0 | dp(S0) | c(eps)^2 | B | Q | Virialrest
  0.5910 | 1.064444 | 1.840911 | 0.718833 | +1.122078 | 78.5795 | -8.20e-08
  0.5950 | 1.063396 | 1.835065 | 0.720461 | +1.114603 | 72.8418 | -9.22e-08
  0.5990 | 1.061709 | 1.825683 | 0.722092 | +1.103591 | 67.7859 | -1.03e-07
  0.6030 | 1.059374 | 1.812732 | 0.723725 | +1.089008 | 63.3093 | -1.14e-07
  0.6070 | 1.056384 | 1.796226 | 0.725359 | +1.070867 | 59.3279 | -1.26e-07
  0.6110 | 1.052742 | 1.776228 | 0.726995 | +1.049233 | 55.7726 | -1.39e-07
  0.6150 | 1.048456 | 1.752846 | 0.728633 | +1.024213 | 52.5856 | -1.52e-07
  0.6190 | 1.043539 | 1.726224 | 0.730273 | +0.995951 | 49.7189 | -1.65e-07
  0.6230 | 1.038008 | 1.696542 | 0.731914 | +0.964627 | 47.1318 | -1.79e-07
  0.6270 | 1.031886 | 1.664005 | 0.733558 | +0.930447 | 44.7898 | -1.93e-07
  0.6310 | 1.025197 | 1.628842 | 0.735203 | +0.893639 | 42.6635 | -2.07e-07
  0.6350 | 1.017969 | 1.591297 | 0.736851 | +0.854446 | 40.7278 | -2.21e-07
  0.6390 | 1.010230 | 1.551623 | 0.738500 | +0.813123 | 38.9610 | -2.36e-07
  0.6430 | 1.002012 | 1.510079 | 0.740151 | +0.769928 | 37.3443 | -2.51e-07
  x_B = 0.643 (zusammenhaengend von unten: 0.643)
Ende 2026-09-30T09:36:51+00:00, 285.2 s; entfallen: nichts
