Runde 5 R5-A mutanten Start 2026-09-30T00:25:49+00:00 auf CPU, 1 Faden, torch 2.5.1+cu121, Schiessen 256 x 5

Bio 17 Mutanten: radial angeregte Profile (n Knoten), Stufe grob (h = 0,05).
  n | omega^2 | gueltig | s | Klammer | r_cut | Q | E | E/Q | E - E_0(gleiches Q) | Virial
  0 | 0.55 | True | 19.0881 | 1.4e-10 | 24.0 | 1.97733e+04 | 1.50306e+04 | 0.76015 | +1.8190e-12 | -2.3e-08
  0 | 0.60 | True | 9.4122 | 1.4e-10 | 16.9 | 2.87318e+03 | 2.33259e+03 | 0.81185 | +0.0000e+00 | -9.2e-08
  0 | 0.70 | True | 4.4111 | 1.4e-10 | 13.8 | 4.73413e+02 | 4.28641e+02 | 0.90543 | +0.0000e+00 | -4.3e-07
  0 | 0.80 | True | 2.4710 | 1.4e-10 | 14.0 | 1.86110e+02 | 1.81912e+02 | 0.97744 | +0.0000e+00 | -9.6e-07
  0 | 0.90 | True | 1.2335 | 1.4e-10 | 17.2 | 1.15642e+02 | 1.17398e+02 | 1.01519 | +0.0000e+00 | -1.3e-06
  0 | 0.95 | True | 0.6840 | 1.4e-10 | 23.0 | 1.15807e+02 | 1.17624e+02 | 1.01569 | +6.9850e-02 | -1.0e-06
  0 | 0.99 | True | 0.1624 | 1.4e-10 | 49.2 | 2.00848e+02 | 2.01773e+02 | 1.00461 | +6.7238e+00 | -2.8e-07
  1 | 0.60 | True | 28.7867 | 1.4e-10 | 37.2 | 7.96768e+04 | 6.43445e+04 | 0.80757 | +5.3884e+03 | -8.0e-09
  1 | 0.62 | True | 23.6898 | 1.4e-10 | 33.5 | 4.80930e+04 | 3.97003e+04 | 0.82549 | +3.8045e+03 | -9.2e-09
  1 | 0.64 | True | 20.0092 | 1.4e-10 | 30.9 | 3.14469e+04 | 2.64981e+04 | 0.84263 | +2.8354e+03 | -1.2e-08
  1 | 0.66 | True | 17.2141 | 1.4e-10 | 28.9 | 2.17904e+04 | 1.87179e+04 | 0.85900 | +2.1890e+03 | -1.6e-08
  1 | 0.68 | True | 15.0093 | 1.4e-10 | 27.5 | 1.57767e+04 | 1.37982e+04 | 0.87459 | +1.7330e+03 | -2.1e-08
  1 | 0.70 | True | 13.2176 | 1.4e-10 | 26.4 | 1.18215e+04 | 1.05143e+04 | 0.88943 | +1.4044e+03 | -2.8e-08
  1 | 0.72 | True | 11.7257 | 1.4e-10 | 25.5 | 9.10520e+03 | 8.22654e+03 | 0.90350 | +1.1525e+03 | -3.6e-08
  1 | 0.74 | True | 10.4579 | 1.4e-10 | 24.9 | 7.17320e+03 | 6.57646e+03 | 0.91681 | +9.6030e+02 | -4.8e-08
  1 | 0.76 | True | 9.3613 | 1.4e-10 | 24.5 | 5.75870e+03 | 5.35189e+03 | 0.92936 | +8.0785e+02 | -5.7e-08
  1 | 0.78 | True | 8.3978 | 1.4e-10 | 24.2 | 4.69777e+03 | 4.42121e+03 | 0.94113 | +6.8550e+02 | -7.3e-08
  1 | 0.80 | True | 7.5387 | 1.4e-10 | 24.1 | 3.88567e+03 | 3.69960e+03 | 0.95211 | +5.8631e+02 | -8.8e-08
  1 | 0.82 | True | 6.7618 | 1.4e-10 | 24.1 | 3.25332e+03 | 3.13063e+03 | 0.96229 | +5.0373e+02 | -1.1e-07
  1 | 0.84 | True | 6.0493 | 1.4e-10 | 24.3 | 2.75391e+03 | 2.67575e+03 | 0.97162 | +4.3543e+02 | -1.3e-07
  1 | 0.86 | True | 5.3862 | 1.4e-10 | 24.7 | 2.35509e+03 | 2.30814e+03 | 0.98006 | +3.7788e+02 | -1.6e-07
  1 | 0.88 | True | 4.7589 | 1.4e-10 | 25.4 | 2.03426e+03 | 2.00895e+03 | 0.98756 | +3.2938e+02 | -1.9e-07
  1 | 0.90 | True | 4.1540 | 1.4e-10 | 26.3 | 1.77582e+03 | 1.76519e+03 | 0.99402 | +2.8872e+02 | -2.3e-07
  1 | 0.92 | True | 3.5563 | 1.4e-10 | 27.9 | 1.56994e+03 | 1.56884e+03 | 0.99930 | +2.5467e+02 | -2.6e-07
  1 | 0.94 | True | 2.9455 | 1.4e-10 | 30.2 | 1.41326e+03 | 1.41779e+03 | 1.00320 | +2.2788e+02 | -3.1e-07
  1 | 0.96 | True | 2.2870 | 1.4e-10 | 34.5 | 1.31544e+03 | 1.32251e+03 | 1.00537 | +2.1029e+02 | -3.5e-07
  1 | 0.98 | True | 1.4976 | 1.4e-10 | 44.5 | 1.34414e+03 | 1.35095e+03 | 1.00507 | +2.1591e+02 | -3.5e-07
  2 | 0.60 | True | 48.4139 | 1.4e-10 | 57.7 | 3.70820e+05 | 2.99370e+05 | 0.80732 | +2.9819e+04 | -5.2e-09
  2 | 0.62 | True | 39.8498 | 1.4e-10 | 51.4 | 2.23708e+05 | 1.84581e+05 | 0.82510 | +2.1188e+04 | -4.5e-09
  2 | 0.64 | True | 33.6589 | 1.4e-10 | 46.9 | 1.46161e+05 | 1.23079e+05 | 0.84207 | +1.5766e+04 | -4.2e-09
  2 | 0.66 | True | 28.9530 | 1.4e-10 | 43.5 | 1.01174e+05 | 8.68320e+04 | 0.85825 | +1.2215e+04 | -4.4e-09
  2 | 0.68 | True | 25.2382 | 1.4e-10 | 41.0 | 7.31577e+04 | 6.39128e+04 | 0.87363 | +9.7008e+03 | -5.1e-09
  2 | 0.70 | True | 22.2176 | 1.4e-10 | 39.0 | 5.47328e+04 | 4.86154e+04 | 0.88823 | +7.8541e+03 | -6.7e-09
  2 | 0.72 | True | 19.7017 | 1.4e-10 | 37.4 | 4.20801e+04 | 3.79586e+04 | 0.90205 | +6.4789e+03 | -8.9e-09
  2 | 0.74 | True | 17.5639 | 1.4e-10 | 36.2 | 3.30811e+04 | 3.02727e+04 | 0.91511 | +5.4081e+03 | -1.2e-08
  2 | 0.76 | True | 15.7157 | 1.4e-10 | 35.4 | 2.64922e+04 | 2.45685e+04 | 0.92738 | +4.5588e+03 | -1.4e-08
  2 | 0.78 | True | 14.0935 | 1.4e-10 | 34.7 | 2.15494e+04 | 2.02325e+04 | 0.93889 | +3.8825e+03 | -1.9e-08
  2 | 0.80 | True | 12.6499 | 1.4e-10 | 34.3 | 1.77642e+04 | 1.68691e+04 | 0.94961 | +3.3269e+03 | -2.3e-08
  2 | 0.82 | True | 11.3485 | 1.4e-10 | 34.1 | 1.48143e+04 | 1.42149e+04 | 0.95954 | +2.8667e+03 | -3.0e-08
  2 | 0.84 | True | 10.1602 | 1.4e-10 | 34.1 | 1.24811e+04 | 1.20897e+04 | 0.96864 | +2.4853e+03 | -3.8e-08
  2 | 0.86 | True | 9.0609 | 1.4e-10 | 34.5 | 1.06128e+04 | 1.03675e+04 | 0.97689 | +2.1615e+03 | -4.6e-08
  2 | 0.88 | True | 8.0292 | 1.4e-10 | 35.1 | 9.10257e+03 | 8.95922e+03 | 0.98425 | +1.8871e+03 | -5.7e-08
  2 | 0.90 | True | 7.0444 | 1.4e-10 | 36.2 | 7.87529e+03 | 7.80164e+03 | 0.99065 | +1.6555e+03 | -7.0e-08
  2 | 0.92 | True | 6.0835 | 1.4e-10 | 38.1 | 6.88012e+03 | 6.85250e+03 | 0.99599 | +1.4578e+03 | -8.4e-08
  2 | 0.94 | True | 5.1157 | 1.4e-10 | 40.9 | 6.09038e+03 | 6.09108e+03 | 1.00012 | +1.2949e+03 | -1.0e-07
  2 | 0.96 | True | 4.0872 | 1.4e-10 | 46.0 | 5.52050e+03 | 5.53585e+03 | 1.00278 | +1.1733e+03 | -1.3e-07
  2 | 0.98 | True | 2.8599 | 1.4e-10 | 58.0 | 5.35145e+03 | 5.36992e+03 | 1.00345 | +1.1363e+03 | -1.6e-07
  Familie n = 0: gueltig 49 von 49; Q_min 111.8 bei omega^2 0.9269; Monotonie-Verstoesse E/Q(Q) 0; min (E - E_0) -2.328e-10; max |Virial| 1.3e-06
  Familie n = 1: gueltig 20 von 20; Q_min 1311 bei omega^2 0.9654; Monotonie-Verstoesse E/Q(Q) 0; min (E - E_0) +2.103e+02; max |Virial| 3.5e-07
  Familie n = 2: gueltig 20 von 20; Q_min 5351 bei omega^2 0.9800; Monotonie-Verstoesse E/Q(Q) 0; min (E - E_0) +1.136e+03; max |Virial| 1.6e-07
  Dynamik (Saat psi, psi_t mal 1 + 1e-3): n | omega^2 | t_zerfall (Abw. > 0,1) | Anwachsrate lambda | Abw. Start | Q_in T/0 | S_c T | omega Ende | Klasse
  [grob]
  1 | 0.70 | 170.0 | 0.0242 | 1.6e-05 | 0.7606 | 6.802e-01 | 0.7538 | zerfallen
  1 | 0.80 | 141.0 | 0.0443 | 1.4e-05 | 0.5176 | 1.089e+00 | 0.7835 | zerfallen
  1 | 0.90 | 368.0 | 0.0142 | 5.1e-06 | 0.3430 | 1.126e+00 | 0.8314 | zerfallen
  2 | 0.70 | 294.0 | 0.0124 | 3.0e-05 | 1.0721 | 9.951e-01 | 0.7382 | zerfallen
  2 | 0.80 | 168.0 | 0.0307 | 3.0e-05 | 0.5522 | 1.221e+00 | 0.7444 | zerfallen
  2 | 0.90 | 156.0 | 0.0390 | 1.3e-05 | 0.3952 | 1.095e+00 | 0.7736 | zerfallen
  0 | 0.80 | nan | nan | 1.4e-06 | 1.0000 | 1.044e+00 | 0.8943 | lebt bis T
  0 | 0.95 | 83.0 | 0.0576 | 1.3e-04 | 0.9957 | 6.726e-01 | 0.9507 | zerfallen
  [fein]
  1 | 0.70 | 172.0 | 0.0339 | 1.4e-05 | 0.6746 | 1.118e+00 | 0.7510 | zerfallen
  1 | 0.80 | 142.0 | 0.0411 | 1.1e-05 | 0.4904 | 1.094e+00 | 0.7853 | zerfallen
  1 | 0.90 | 366.0 | 0.0181 | 3.7e-06 | 0.3978 | 1.133e+00 | 0.8199 | zerfallen
  2 | 0.70 | 296.0 | 0.0125 | 2.5e-05 | 1.0982 | 1.040e+00 | 0.7200 | zerfallen
  2 | 0.80 | 169.0 | 0.0311 | 2.4e-05 | 0.5201 | 1.046e+00 | 0.7491 | zerfallen
  2 | 0.90 | 157.0 | 0.0315 | 1.1e-05 | 0.4164 | 1.113e+00 | 0.7709 | zerfallen
  0 | 0.80 | nan | nan | 1.1e-06 | 1.0000 | 1.045e+00 | 0.8943 | lebt bis T
  0 | 0.95 | 89.0 | 0.0548 | 6.7e-05 | 0.9959 | 7.142e-01 | 0.9518 | zerfallen
  L3 (h gegen h/2 bzw. grob gegen fein): 47 von 48 bestanden

Ende 2026-09-30T00:32:10+00:00, Dauer 380.8 s, Torch-Speicher max nan MB, Fehler: keine
