mess1.py gebunden (geb0), Start 2026-09-30 06:13:30 UTC
Argumente: {"kommando": "gebunden", "h": 0.02, "l": 0, "mu": "-0.07,-0.08,-0.09,-0.095,-0.10,-0.105,-0.11,-0.12,-0.14,-0.16,-0.20,-0.24,-0.28,-0.32,-0.34,-0.36,-0.37,-0.38,-0.39,-0.40,-0.41,-0.42,-0.43,-0.44,-0.46,-0.48", "mu_von": -0.3, "mu_bis": -0.1, "n_mu": 5, "eps_min": 0.002, "n_scan": 240, "re_breite": 0.8, "im_tiefe": 0.2, "n_re": 41, "n_im": 11, "eps_von": 0.3, "eps_bis": 1.2, "n_eps": 91, "eps0": 0.5, "deps": 0.01, "mu0": -0.3, "dmu": 0.005, "n_kante": 41, "n_kante_mu": 21, "masse": 38.9637, "a11": 84.3, "a22": 33.5, "a12": -56.16, "n1": 0.0, "aus": "/home/fmh/fmhc-physics-remote/runde9-mess1/aus", "name": "geb0"}
gebundene Moden l = 0 (Nullstellen von D auf (0.002, -mu)), h = 0.02
mu | N~ | -mu | eps (gebunden) | max|Im D|
-0.070000 | 18.7272 | 0.070000 | 0.04683063 | 0.0e+00
-0.080000 | 18.9805 | 0.080000 | 0.06999903 | 0.0e+00
-0.090000 | 19.3828 | 0.090000 | 0.08695932 | 0.0e+00
-0.095000 | 19.6349 | 0.095000 | 0.09384360 | 0.0e+00
-0.100000 | 19.9194 | 0.100000 | 0.09981886 | 0.0e+00
-0.105000 | 20.2358 | 0.105000 |  | 0.0e+00
-0.110000 | 20.5838 | 0.110000 |  | 0.0e+00
-0.120000 | 21.3756 | 0.120000 |  | 0.0e+00
-0.140000 | 23.3613 | 0.140000 |  | 0.0e+00
-0.160000 | 25.9541 | 0.160000 |  | 0.0e+00
-0.200000 | 33.5875 | 0.200000 |  | 0.0e+00
-0.240000 | 46.4718 | 0.240000 |  | 0.0e+00
-0.280000 | 69.6364 | 0.280000 |  | 0.0e+00
-0.320000 | 115.8990 | 0.320000 |  | 0.0e+00
-0.340000 | 157.6386 | 0.340000 |  | 0.0e+00
-0.360000 | 224.7446 | 0.360000 |  | 0.0e+00
-0.370000 | 274.2760 | 0.370000 |  | 0.0e+00
-0.380000 | 340.6720 | 0.380000 |  | 0.0e+00
-0.390000 | 431.9775 | 0.390000 |  | 0.0e+00
-0.400000 | 561.4014 | 0.400000 |  | 0.0e+00
-0.410000 | 751.6821 | 0.410000 |  | 0.0e+00
-0.420000 | 1044.2686 | 0.420000 | 0.41758352 | 0.0e+00
-0.430000 | 1520.2624 | 0.430000 | 0.39403852 | 0.0e+00
-0.440000 | 2353.2977 | 0.440000 | 0.35135983 | 0.0e+00
-0.460000 | 7534.5024 | 0.460000 | 0.24098624, 0.45832493 | 0.0e+00
-0.480000 | 19390.2537 | 0.480000 | 0.14287463, 0.23954542, 0.37522210 | 0.0e+00
Ende 2026-09-30 06:14:57 UTC, Laufzeit 87.4 s
