mess1.py profile (prof1), Start 2026-09-30 06:16:15 UTC
Argumente: {"kommando": "profile", "h": 0.02, "l": 0, "mu": "-0.03,-0.035,-0.04,-0.045,-0.05,-0.055,-0.06,-0.065,-0.07,-0.075,-0.08,-0.085,-0.09,-0.095,-0.10,-0.11,-0.12,-0.14,-0.16,-0.18,-0.20,-0.22,-0.24,-0.26,-0.28,-0.30,-0.32,-0.34,-0.36,-0.38,-0.40,-0.42,-0.44,-0.45,-0.46,-0.47,-0.48", "mu_von": -0.3, "mu_bis": -0.1, "n_mu": 5, "eps_min": 0.002, "n_scan": 200, "re_breite": 0.8, "im_tiefe": 0.2, "n_re": 41, "n_im": 11, "eps_von": 0.3, "eps_bis": 1.2, "n_eps": 91, "eps0": 0.5, "deps": 0.01, "mu0": -0.3, "dmu": 0.005, "n_kante": 41, "n_kante_mu": 21, "masse": 38.9637, "a11": 84.3, "a22": 33.5, "a12": -56.16, "n1": 0.0, "aus": "/home/fmh/fmhc-physics-remote/runde9-mess1/aus", "name": "prof1"}
mu | phi(0) | N~ | E~/N~ | R_halb | R_rms | Anschluss (f/f0, Grund)
-0.030000 | 0.428233634784 | 20.355462 | 0.017363 | 1.8847 | 4.5339 | 1.0e-04 Schwanz
-0.035000 | 0.461535024866 | 19.734528 | 0.018928 | 1.7862 | 4.2293 | 1.0e-04 Schwanz
-0.040000 | 0.492293334969 | 19.300449 | 0.020193 | 1.7093 | 3.9854 | 1.0e-04 Schwanz
-0.045000 | 0.520949370738 | 19.002370 | 0.021174 | 1.6477 | 3.7850 | 1.0e-04 Schwanz
-0.050000 | 0.547823780903 | 18.808077 | 0.021882 | 1.5977 | 3.6168 | 1.0e-04 Schwanz
-0.055000 | 0.573158311770 | 18.696159 | 0.022325 | 1.5566 | 3.4734 | 1.0e-04 Schwanz
-0.060000 | 0.597140455155 | 18.651861 | 0.022514 | 1.5225 | 3.3495 | 1.0e-04 Schwanz
-0.065000 | 0.619918997000 | 18.664734 | 0.022454 | 1.4941 | 3.2414 | 1.0e-04 Schwanz
-0.070000 | 0.641614264800 | 18.727229 | 0.022152 | 1.4705 | 3.1462 | 1.0e-04 Schwanz
-0.075000 | 0.662325129270 | 18.833829 | 0.021616 | 1.4509 | 3.0618 | 1.0e-04 Schwanz
-0.080000 | 0.682133935313 | 18.980477 | 0.020849 | 1.4347 | 2.9864 | 1.0e-04 Schwanz
-0.085000 | 0.701110065351 | 19.164196 | 0.019858 | 1.4215 | 2.9188 | 1.0e-04 Schwanz
-0.090000 | 0.719312572257 | 19.382840 | 0.018646 | 1.4109 | 2.8580 | 1.0e-04 Schwanz
-0.095000 | 0.736792162920 | 19.634903 | 0.017218 | 1.4027 | 2.8029 | 1.0e-04 Schwanz
-0.100000 | 0.753592718335 | 19.919399 | 0.015579 | 1.3965 | 2.7530 | 1.0e-04 Schwanz
-0.110000 | 0.785304964331 | 20.583798 | 0.011682 | 1.3898 | 2.6665 | 1.0e-04 Schwanz
-0.120000 | 0.814703013316 | 21.375577 | 0.006985 | 1.3896 | 2.5947 | 1.0e-04 Schwanz
-0.140000 | 0.867312350632 | 23.361319 | -0.004699 | 1.4061 | 2.4856 | 1.0e-04 Schwanz
-0.160000 | 0.912588954034 | 25.954067 | -0.019257 | 1.4424 | 2.4124 | 1.0e-04 Schwanz
-0.180000 | 0.951318558564 | 29.292034 | -0.036482 | 1.4974 | 2.3674 | 1.0e-04 Schwanz
-0.200000 | 0.984057700306 | 33.587513 | -0.056170 | 1.5715 | 2.3467 | 9.9e-05 Schwanz
-0.220000 | 1.011221756474 | 39.156563 | -0.078111 | 1.6661 | 2.3483 | 9.9e-05 Schwanz
-0.240000 | 1.033140467316 | 46.471801 | -0.102094 | 1.7841 | 2.3721 | 1.0e-04 Schwanz
-0.260000 | 1.050096405683 | 56.254192 | -0.127901 | 1.9294 | 2.4194 | 1.0e-04 Schwanz
-0.280000 | 1.062354570988 | 69.636434 | -0.155313 | 2.1077 | 2.4931 | 9.9e-05 Schwanz
-0.300000 | 1.070187966714 | 88.466111 | -0.184107 | 2.3273 | 2.5984 | 9.9e-05 Schwanz
-0.320000 | 1.073902326149 | 115.898965 | -0.214061 | 2.5997 | 2.7434 | 1.0e-04 Schwanz
-0.340000 | 1.073861778200 | 157.638596 | -0.244954 | 2.9425 | 2.9410 | 1.0e-04 Schwanz
-0.360000 | 1.070514767259 | 224.744555 | -0.276570 | 3.3832 | 3.2118 | 1.0e-04 Schwanz
-0.380000 | 1.064413483571 | 340.671982 | -0.308694 | 3.9677 | 3.5910 | 1.0e-04 Schwanz
-0.400000 | 1.056206794288 | 561.401437 | -0.341116 | 4.7788 | 4.1426 | 9.9e-05 Schwanz
-0.420000 | 1.046567640776 | 1044.268608 | -0.373625 | 5.9827 | 4.9951 | 1.0e-04 Schwanz
-0.440000 | 1.036025267740 | 2353.297672 | -0.406005 | 7.9693 | 6.4498 | 2.4e-04 Divergenz
-0.450000 | 1.030495836798 | 3961.891905 | -0.422077 | 9.5487 | 7.6293 | 6.0e-04 Divergenz
-0.460000 | 1.024796631892 | 7534.502370 | -0.438031 | 11.9093 | 9.4124 | 7.8e-03 Divergenz
-0.470000 | 1.018915349143 | 13260.981293 | -0.432647 | 14.3549 | 11.2720 | 9.8e-01 Divergenz
-0.480000 | 1.012835554495 | 19390.253678 | -0.439745 | 16.3628 | 12.8300 | 1.0e+00 Divergenz
Ende 2026-09-30 06:16:26 UTC, Laufzeit 10.6 s
