RG-1 Tabelle. Start 2026-09-30T03:37:50+02:00, Ende 2026-09-30T03:38:22+02:00, finn-precision-7550, Python 3.12.3, numpy 2.2.6, OMP_NUM_THREADS=1
Explorativ (v3). Plan und Vorhersagen: PLAN.md. Gueltig = Klammer geschlossen, Mitte-Bahn erreicht die Schwanzschwelle, Einschachtelung monoton.
Dauer [s]: Schiessen 26.6, Profile 3.6, Gitterprobe 2.3, gesamt 32.5; RK4-Schritte im Schiessen 112704

Profiltabelle, h0 = 0.01 (Schrittweite je Zeile h = h0 * min(3, max(1, 0,3/sqrt(a))))
m  omega^2 | h      | p bzw. g(0)          | Klammer | Q            | E            | E/Q      | S_max    | R_max    | R_innen  | R_aussen | r_mittel | Virialrest | EL-Rest  | Schwanzsprung | Spreizung | gueltig
0    0.520 | 0.0100 | 1.00966999958056 | 2.2e-16 |  1421.452847 |  1045.954421 | 0.735835 | 1.019434 |    0.000 |    0.000 |   17.497 |   11.786 | -7.4e-09 | -3.9e-10 | -3.3e-03 | 2.0e-03 | ja
1    0.520 | 0.0100 | 0.188378346703336 | 2.0e-15 |  1798.479028 |  1335.987767 | 0.742843 | 1.014496 |   14.610 |    2.951 |   20.030 |   13.772 | +8.2e-10 | +3.5e-11 | +3.9e-04 | 6.1e-04 | ja
2    0.520 | 0.0100 | 0.00201932781332662 | 1.8e-15 |  2656.825484 |  1982.806651 | 0.746307 | 1.009422 |   20.292 |    7.995 |   25.442 |   18.362 | -2.3e-09 | -9.4e-11 | -1.1e-03 | 6.7e-04 | ja
3    0.520 | 0.0100 | 4.66134070756388e-06 | 1.8e-15 |  3670.620807 |  2743.952231 | 0.747544 | 1.006516 |   26.616 |   14.203 |   31.773 |   24.201 | -3.6e-10 | -1.6e-11 | -1.7e-04 | 2.6e-04 | ja
4    0.520 | 0.0100 | 5.47209869619995e-09 | 3.6e-15 |  4738.645442 |  3544.848826 | 0.748072 | 1.004817 |   33.217 |   20.825 |   38.440 |   30.578 | +3.5e-09 | +9.9e-11 | +1.7e-03 | 1.4e-03 | ja
5    0.520 | 0.0100 | 4.33495068379947e-12 | 3.6e-14 |  5831.138257 |  4363.657648 | 0.748337 | 1.003744 |   39.957 |   27.623 |   45.258 |   37.212 | +1.0e-09 | +2.3e-11 | +4.7e-04 | 2.8e-03 | ja
6    0.520 | 0.0100 | 2.61311000548022e-15 | 3.6e-14 |  6936.549984 |  5191.918892 | 0.748487 | 1.003021 |   46.779 |   34.510 |   52.157 |   43.983 | -7.2e-09 | -1.7e-10 | -3.1e-03 | 1.1e-03 | ja
7    0.520 | 0.0100 | 1.2781034811505e-18 | 3.6e-14 |  8049.552843 |  6025.732955 | 0.748580 | 1.002506 |   53.653 |   41.450 |   59.104 |   50.837 | +4.9e-10 | +6.5e-12 | +2.0e-04 | 2.7e-04 | ja
8    0.520 | 0.0100 | 5.27674520392833e-22 | 3.6e-14 |  9167.388162 |  6863.081297 | 0.748641 | 1.002125 |   60.562 |   48.422 |   66.081 |   57.744 | +1.8e-09 | +3.0e-11 | +6.7e-04 | 8.2e-04 | ja
0    0.550 | 0.0100 | 1.02299430326494 | 2.2e-16 |   238.432280 |   185.862916 | 0.779521 | 1.046517 |    0.000 |    0.000 |    6.880 |    4.880 | -4.6e-13 | -6.6e-12 | +1.1e-06 | 1.5e-09 | ja
1    0.550 | 0.0100 | 0.238804574864233 | 2.2e-15 |   370.209824 |   297.311263 | 0.803089 | 1.004138 |    6.023 |    2.544 |    9.212 |    6.777 | -4.5e-13 | -1.1e-11 | +1.1e-06 | 2.0e-09 | ja
2    0.550 | 0.0100 | 0.00684368927360109 | 1.8e-15 |   627.878009 |   506.834557 | 0.807218 | 0.993048 |    9.928 |    6.259 |   13.185 |   10.301 | -6.0e-13 | -9.2e-12 | +1.1e-06 | 4.8e-10 | ja
3    0.550 | 0.0100 | 7.2324833219606e-05 | 1.8e-15 |   910.720206 |   735.966710 | 0.808115 | 0.989803 |   14.124 |   10.431 |   17.457 |   14.355 | -6.9e-13 | -8.7e-12 | +1.1e-06 | 1.6e-09 | ja
4    0.550 | 0.0100 | 4.67960913340456e-07 | 3.6e-15 |  1199.743344 |   969.936571 | 0.808453 | 0.988480 |   18.441 |   14.759 |   21.823 |   18.607 | -7.5e-13 | -8.6e-12 | +1.1e-06 | 2.0e-09 | ja
5    0.550 | 0.0100 | 2.21941707917287e-09 | 3.2e-14 |  1491.213994 |  1205.820271 | 0.808617 | 0.987823 |   22.816 |   19.149 |   26.231 |   22.945 | -8.2e-13 | -8.5e-12 | +1.1e-06 | 3.9e-09 | ja
6    0.550 | 0.0100 | 8.36931504513763e-12 | 3.6e-14 |  1783.919189 |  1442.668096 | 0.808707 | 0.987454 |   27.222 |   23.568 |   30.661 |   27.329 | -8.7e-13 | -8.4e-12 | +1.1e-06 | 3.9e-09 | ja
7    0.550 | 0.0100 | 2.62815440695508e-14 | 3.2e-14 |  2077.335027 |  1680.070458 | 0.808762 | 0.987227 |   31.648 |   28.005 |   35.103 |   31.738 | -9.3e-13 | -8.4e-12 | +1.1e-06 | 1.2e-09 | ja
8    0.550 | 0.0100 | 7.08264411435586e-17 | 3.6e-14 |  2371.197231 |  1917.820959 | 0.808799 | 0.987078 |   36.086 |   32.451 |   39.553 |   36.164 | -9.8e-13 | -8.4e-12 | +1.1e-06 | 2.2e-09 | ja
0    0.575 | 0.0100 | 1.0308977069595 | 2.2e-16 |   111.402835 |    90.802983 | 0.815087 | 1.062750 |    0.000 |    0.000 |    4.519 |    3.438 | +1.8e-12 | -7.1e-12 | +1.2e-06 | 1.4e-10 | ja
1    0.575 | 0.0100 | 0.268397226524751 | 2.0e-15 |   199.349936 |   169.446551 | 0.849996 | 0.947130 |    4.595 |    2.289 |    6.918 |    5.307 | +1.4e-12 | -1.3e-11 | +1.1e-06 | 1.8e-10 | ja
2    0.575 | 0.0100 | 0.0111886113764804 | 2.7e-15 |   351.765471 |   300.180354 | 0.853354 | 0.935651 |    7.957 |    5.509 |   10.334 |    8.360 | +1.2e-12 | -1.0e-11 | +1.1e-06 | 2.0e-10 | ja
3    0.575 | 0.0100 | 0.000199016916602237 | 1.8e-15 |   515.645444 |   440.264177 | 0.853812 | 0.933567 |   11.500 |    9.016 |   13.916 |   11.774 | +1.2e-12 | -9.6e-12 | +1.1e-06 | 1.9e-10 | ja
4    0.575 | 0.0100 | 2.25438414252456e-06 | 3.6e-15 |   682.172239 |   582.542484 | 0.853952 | 0.932832 |   15.120 |   12.626 |   17.556 |   15.326 | +1.1e-12 | -9.4e-12 | +1.1e-06 | 7.5e-11 | ja
5    0.575 | 0.0100 | 1.89864308934887e-08 | 3.6e-15 |   849.656857 |   725.620657 | 0.854016 | 0.932482 |   18.774 |   16.278 |   21.221 |   18.939 | +1.0e-12 | -9.3e-12 | +1.0e-06 | 2.5e-10 | ja
6    0.575 | 0.0100 | 1.28020459798678e-10 | 3.6e-14 |  1017.603709 |   869.085447 | 0.854051 | 0.932289 |   22.446 |   19.949 |   24.901 |   22.584 | +9.5e-13 | -9.2e-12 | +1.0e-06 | 4.2e-10 | ja
7    0.575 | 0.0100 | 7.21651922399831e-13 | 3.6e-14 |  1185.811162 |  1012.768246 | 0.854072 | 0.932172 |   26.129 |   23.632 |   28.588 |   26.247 | +8.8e-13 | -9.2e-12 | +1.0e-06 | 6.7e-10 | ja
8    0.575 | 0.0100 | 3.49962948040169e-15 | 3.6e-14 |  1354.180491 |  1156.586451 | 0.854086 | 0.932095 |   29.818 |   27.322 |   32.281 |   29.921 | +8.1e-13 | -9.2e-12 | +1.0e-06 | 1.3e-10 | ja
0    0.600 | 0.0100 | 1.03013915625856 | 2.2e-16 |    66.616119 |    56.527292 | 0.848553 | 1.061187 |    0.000 |    0.000 |    3.358 |    2.780 | +3.7e-12 | -9.7e-12 | +1.3e-06 | 4.3e-11 | ja
1    0.600 | 0.0100 | 0.281471301453856 | 2.2e-15 |   138.756815 |   123.073899 | 0.886976 | 0.867426 |    4.007 |    2.131 |    5.957 |    4.692 | +2.5e-12 | -1.0e-11 | +1.0e-06 | 2.4e-10 | ja
2    0.600 | 0.0100 | 0.0142452495425647 | 1.8e-15 |   249.184151 |   221.669722 | 0.889582 | 0.856222 |    7.102 |    5.104 |    9.096 |    7.499 | +2.3e-12 | -7.3e-12 | +1.0e-06 | 1.5e-10 | ja
3    0.600 | 0.0100 | 0.000330681802417546 | 1.8e-15 |   366.383602 |   326.024737 | 0.889845 | 0.854840 |   10.321 |    8.290 |   12.339 |   10.594 | +2.5e-12 | -6.9e-12 | +1.0e-06 | 8.1e-11 | ja
4    0.600 | 0.0100 | 4.98529089712277e-06 | 3.6e-15 |   485.255994 |   431.829068 | 0.889900 | 0.854473 |   13.598 |   11.555 |   15.627 |   13.804 | +2.3e-12 | -6.8e-12 | +1.0e-06 | 5.3e-11 | ja
5    0.600 | 0.0100 | 5.62396277986813e-08 | 3.6e-15 |   604.730648 |   538.161277 | 0.889919 | 0.854319 |   16.901 |   14.853 |   18.936 |   17.066 | +2.3e-12 | -6.7e-12 | +1.0e-06 | 5.5e-11 | ja
6    0.600 | 0.0100 | 5.09403276903593e-10 | 3.6e-14 |   724.490573 |   644.744748 | 0.889928 | 0.854238 |   20.218 |   18.168 |   22.257 |   20.356 | +2.2e-12 | -6.7e-12 | +1.0e-06 | 1.3e-10 | ja
7    0.600 | 0.0100 | 3.863363542359e-12 | 3.6e-14 |   844.409228 |   751.468313 | 0.889934 | 0.854190 |   23.543 |   21.491 |   25.584 |   23.661 | +2.1e-12 | -6.7e-12 | +1.0e-06 | 5.4e-10 | ja
8    0.600 | 0.0100 | 2.52302660337542e-14 | 3.2e-14 |   964.425660 |   858.278262 | 0.889937 | 0.854159 |   26.873 |   24.820 |   28.916 |   26.976 | +2.0e-12 | -6.7e-12 | +1.0e-06 | 3.4e-10 | ja
0    0.625 | 0.0100 | 1.01735910714212 | 2.2e-16 |    45.932186 |    40.358410 | 0.878652 | 1.035020 |    0.000 |    0.000 |    2.701 |    2.435 | +5.0e-12 | -2.0e-11 | +1.3e-06 | 3.8e-11 | ja
1    0.625 | 0.0100 | 0.281942170127555 | 2.0e-15 |   110.173562 |   100.728373 | 0.914270 | 0.786557 |    3.729 |    2.049 |    5.503 |    4.408 | +3.6e-12 | -7.4e-12 | +1.0e-06 | 8.2e-11 | ja
2    0.625 | 0.0100 | 0.015814498805746 | 2.7e-15 |   199.725236 |   183.003262 | 0.916275 | 0.775871 |    6.696 |    4.902 |    8.508 |    7.094 | +3.3e-12 | -5.0e-12 | +1.0e-06 | 1.4e-10 | ja
3    0.625 | 0.0100 | 0.000423650670910385 | 2.7e-15 |   293.969766 |   269.412053 | 0.916462 | 0.774777 |    9.758 |    7.933 |   11.587 |   10.032 | +3.5e-12 | -4.8e-12 | +9.9e-07 | 2.0e-10 | ja
4    0.625 | 0.0100 | 7.45641937077091e-06 | 3.6e-15 |   389.461236 |   356.937147 | 0.916490 | 0.774565 |   12.867 |   11.031 |   14.704 |   13.075 | +3.4e-12 | -4.7e-12 | +9.9e-07 | 1.1e-10 | ja
5    0.625 | 0.0100 | 9.85747665092507e-08 | 3.6e-15 |   485.414629 |   444.880422 | 0.916496 | 0.774498 |   16.000 |   14.158 |   17.841 |   16.166 | +3.3e-12 | -4.7e-12 | +9.7e-07 | 1.3e-10 | ja
6    0.625 | 0.0100 | 1.0480244963293e-09 | 3.6e-14 |   581.587894 |   533.023843 | 0.916497 | 0.774466 |   19.144 |   17.300 |   20.987 |   19.283 | +3.2e-12 | -4.6e-12 | +9.7e-07 | 2.1e-10 | ja
7    0.625 | 0.0100 | 9.33742021581373e-12 | 3.6e-14 |   677.883426 |   621.278861 | 0.916498 | 0.774448 |   22.295 |   20.449 |   24.140 |   22.414 | +3.1e-12 | -4.6e-12 | +9.6e-07 | 3.3e-10 | ja
8    0.625 | 0.0100 | 7.16720379882643e-14 | 3.6e-14 |   774.254170 |   709.602626 | 0.916498 | 0.774442 |   25.451 |   23.604 |   27.297 |   25.555 | +3.0e-12 | -4.6e-12 | +9.6e-07 | 2.5e-10 | ja
0    0.650 | 0.0100 | 0.99326210037651 | 3.3e-16 |    34.828630 |    31.501191 | 0.904463 | 0.986570 |    0.000 |    0.000 |    2.306 |    2.247 | +5.1e-12 | -3.3e-11 | +1.4e-06 | 3.1e-11 | ja
1    0.650 | 0.0100 | 0.274700331484101 | 2.2e-15 |    93.860641 |    87.714081 | 0.934514 | 0.710514 |    3.594 |    2.012 |    5.279 |    4.277 | +4.5e-12 | -6.5e-12 | +9.8e-07 | 5.0e-11 | ja
2    0.650 | 0.0100 | 0.0162888713844193 | 1.8e-15 |   171.152936 |   160.208208 | 0.936053 | 0.700505 |    6.507 |    4.816 |    8.227 |    6.911 | +4.1e-12 | -4.5e-12 | +9.6e-07 | 1.0e-10 | ja
3    0.650 | 0.0100 | 0.000473106411103682 | 1.8e-15 |   252.046664 |   235.965629 | 0.936198 | 0.699537 |    9.499 |    7.779 |   11.233 |    9.778 | +4.4e-12 | -4.3e-12 | +9.6e-07 | 9.2e-11 | ja
4    0.650 | 0.0100 | 9.09714555028143e-06 | 1.8e-15 |   333.951445 |   312.651174 | 0.936217 | 0.699383 |   12.533 |   10.801 |   14.273 |   12.744 | +4.3e-12 | -4.2e-12 | +9.5e-07 | 5.0e-11 | ja
5    0.650 | 0.0100 | 1.31725889746391e-07 | 1.8e-15 |   416.241855 |   389.694033 | 0.936220 | 0.699350 |   15.588 |   13.851 |   17.330 |   15.757 | +4.2e-12 | -4.2e-12 | +9.4e-07 | 1.7e-10 | ja
6    0.650 | 0.0100 | 1.53560192547333e-09 | 3.6e-14 |   498.717790 |   466.909638 | 0.936220 | 0.699339 |   18.653 |   16.913 |   20.398 |   18.795 | +4.1e-12 | -4.1e-12 | +9.3e-07 | 2.0e-10 | ja
7    0.650 | 0.0100 | 1.50098904205862e-11 | 3.6e-14 |   581.297297 |   544.221928 | 0.936220 | 0.699335 |   21.725 |   19.984 |   23.471 |   21.847 | +4.0e-12 | -4.1e-12 | +9.3e-07 | 9.3e-11 | ja
8    0.650 | 0.0100 | 1.26439898914028e-13 | 3.6e-14 |   663.940619 |   621.593874 | 0.936219 | 0.699337 |   24.802 |   23.059 |   26.548 |   24.908 | +3.9e-12 | -4.1e-12 | +9.3e-07 | 2.0e-10 | ja
0    0.675 | 0.0100 | 0.960561412459132 | 2.2e-16 |    28.232353 |    26.136300 | 0.925757 | 0.922678 |    0.000 |    0.000 |    2.064 |    2.149 | +3.8e-12 | -3.7e-11 | +1.4e-06 | 2.7e-11 | ja
1    0.675 | 0.0100 | 0.262739971918751 | 2.0e-15 |    83.328585 |    79.146971 | 0.949818 | 0.639963 |    3.538 |    2.005 |    5.180 |    4.234 | +5.2e-12 | -6.6e-12 | +9.5e-07 | 5.9e-11 | ja
2    0.675 | 0.0100 | 0.0160218893558494 | 2.7e-15 |   152.559219 |   145.083332 | 0.950997 | 0.630701 |    6.444 |    4.804 |    8.120 |    6.857 | +4.6e-12 | -5.0e-12 | +9.2e-07 | 1.5e-10 | ja
3    0.675 | 0.0100 | 0.000486906009481733 | 2.7e-15 |   224.741417 |   213.754426 | 0.951113 | 0.629808 |    9.419 |    7.750 |   11.106 |    9.704 | +4.9e-12 | -4.8e-12 | +9.2e-07 | 1.2e-10 | ja
4    0.675 | 0.0100 | 9.84936432026957e-06 | 3.6e-15 |   297.786116 |   283.232810 | 0.951128 | 0.629679 |   12.432 |   10.752 |   14.124 |   12.648 | +4.8e-12 | -4.7e-12 | +9.1e-07 | 1.2e-10 | ja
5    0.675 | 0.0100 | 1.50314326214826e-07 | 3.6e-14 |   371.167716 |   353.028874 | 0.951130 | 0.629656 |   15.464 |   13.778 |   17.159 |   15.638 | +4.7e-12 | -4.6e-12 | +9.1e-07 | 1.6e-10 | ja
6    0.675 | 0.0100 | 1.84833710525247e-09 | 3.6e-14 |   444.713099 |   422.979997 | 0.951130 | 0.629654 |   18.507 |   16.818 |   20.203 |   18.652 | +4.6e-12 | -4.6e-12 | +9.0e-07 | 3.9e-10 | ja
7    0.675 | 0.0100 | 1.90647433155993e-11 | 3.6e-14 |   518.350346 |   493.018282 | 0.951129 | 0.629655 |   21.556 |   19.865 |   23.252 |   21.681 | +4.5e-12 | -4.6e-12 | +8.9e-07 | 2.9e-10 | ja
8    0.675 | 0.0100 | 1.69508413990977e-13 | 3.6e-14 |   592.044329 |   563.110463 | 0.951129 | 0.629660 |   24.609 |   22.917 |   26.306 |   24.718 | +4.5e-12 | -4.6e-12 | +8.9e-07 | 2.5e-10 | ja
0    0.700 | 0.0100 | 0.92196844498274 | 2.2e-16 |    23.995872 |    22.625808 | 0.942904 | 0.850026 |    0.000 |    0.000 |    1.916 |    2.106 | +1.7e-12 | -2.8e-11 | +1.4e-06 | 2.3e-11 | ja
1    0.700 | 0.0100 | 0.247758833460733 | 2.2e-15 |    75.947846 |    73.030256 | 0.961584 | 0.574358 |    3.535 |    2.021 |    5.163 |    4.248 | +5.4e-12 | -7.1e-12 | +9.2e-07 | 6.1e-11 | ja
2    0.700 | 0.0100 | 0.0152559392223349 | 2.7e-15 |   139.454929 |   134.223202 | 0.962484 | 0.565880 |    6.467 |    4.846 |    8.129 |    6.892 | +4.8e-12 | -5.6e-12 | +9.0e-07 | 1.3e-10 | ja
3    0.700 | 0.0100 | 0.000474105543396689 | 2.7e-15 |   205.489493 |   197.799460 | 0.962577 | 0.565046 |    9.460 |    7.811 |   11.133 |    9.755 | +5.1e-12 | -5.4e-12 | +9.0e-07 | 1.6e-10 | ja
4    0.700 | 0.0100 | 9.84724135466825e-06 | 1.8e-15 |   272.284912 |   262.098774 | 0.962590 | 0.564928 |   12.490 |   10.830 |   14.167 |   12.714 | +5.0e-12 | -5.4e-12 | +8.9e-07 | 1.4e-10 | ja
5    0.700 | 0.0100 | 1.54528291970948e-07 | 1.8e-15 |   339.383163 |   326.687532 | 0.962592 | 0.564910 |   15.539 |   13.873 |   17.217 |   15.719 | +4.9e-12 | -5.3e-12 | +8.8e-07 | 1.3e-10 | ja
6    0.700 | 0.0100 | 1.95506313212549e-09 | 3.6e-14 |   406.629961 |   391.418724 | 0.962592 | 0.564910 |   18.598 |   16.929 |   20.277 |   18.748 | +4.8e-12 | -5.3e-12 | +8.8e-07 | 2.7e-10 | ja
7    0.700 | 0.0100 | 2.07549375316892e-11 | 3.6e-14 |   473.960444 |   456.230298 | 0.962592 | 0.564913 |   21.663 |   19.992 |   23.342 |   21.792 | +4.7e-12 | -5.3e-12 | +8.7e-07 | 1.9e-10 | ja
8    0.700 | 0.0100 | 1.89964718637753e-13 | 3.2e-14 |   541.342732 |   521.091684 | 0.962591 | 0.564917 |   24.732 |   23.059 |   26.411 |   24.845 | +4.6e-12 | -5.3e-12 | +8.7e-07 | 3.8e-10 | ja
0    0.725 | 0.0100 | 0.879398517649259 | 3.3e-16 |    21.097971 |    20.180984 | 0.956537 | 0.773342 |    0.000 |    0.000 |    1.829 |    2.101 | -5.6e-13 | -6.9e-12 | +1.4e-06 | 1.2e-11 | ja
1    0.725 | 0.0100 | 0.230754515148673 | 2.0e-15 |    70.471233 |    68.409377 | 0.970742 | 0.513014 |    3.572 |    2.056 |    5.208 |    4.308 | +5.3e-12 | -7.2e-12 | +9.0e-07 | 1.1e-10 | ja
2    0.725 | 0.0100 | 0.0141543091779559 | 1.8e-15 |   129.689523 |   125.983618 | 0.971425 | 0.505320 |    6.558 |    4.933 |    8.227 |    6.997 | +4.6e-12 | -6.0e-12 | +8.8e-07 | 2.9e-11 | ja
3    0.725 | 0.0100 | 0.000442440776947036 | 1.8e-15 |   191.139328 |   185.691473 | 0.971498 | 0.504544 |    9.600 |    7.947 |   11.279 |    9.905 | +4.9e-12 | -5.9e-12 | +8.7e-07 | 1.5e-10 | ja
4    0.725 | 0.0100 | 9.27291991671812e-06 | 3.6e-15 |   253.276243 |   246.060162 | 0.971509 | 0.504431 |   12.678 |   11.013 |   14.361 |   12.910 | +4.8e-12 | -5.8e-12 | +8.7e-07 | 1.8e-10 | ja
5    0.725 | 0.0100 | 1.47005250146112e-07 | 3.6e-15 |   315.690739 |   306.696990 | 0.971511 | 0.504412 |   15.774 |   14.104 |   17.458 |   15.961 | +4.7e-12 | -5.7e-12 | +8.6e-07 | 3.3e-10 | ja
6    0.725 | 0.0100 | 1.87987070912112e-09 | 3.6e-14 |   378.242420 |   367.466665 | 0.971511 | 0.504415 |   18.880 |   17.207 |   20.565 |   19.036 | +4.6e-12 | -5.7e-12 | +8.6e-07 | 3.4e-10 | ja
7    0.725 | 0.0100 | 2.01764167299372e-11 | 3.6e-14 |   440.871681 |   428.311572 | 0.971511 | 0.504417 |   21.992 |   20.317 |   23.677 |   22.126 | +4.5e-12 | -5.7e-12 | +8.5e-07 | 4.7e-10 | ja
8    0.725 | 0.0100 | 1.86731024742026e-13 | 3.2e-14 |   503.549072 |   489.203189 | 0.971510 | 0.504421 |   25.108 |   23.431 |   26.793 |   25.226 | +4.5e-12 | -5.7e-12 | +8.4e-07 | 7.4e-11 | ja
0    0.750 | 0.0100 | 0.833968248787726 | 2.2e-16 |    19.011679 |    18.390115 | 0.967306 | 0.695503 |    0.000 |    0.000 |    1.783 |    2.127 | -2.5e-12 | +1.6e-11 | +1.3e-06 | 7.6e-12 | ja
1    0.750 | 0.0100 | 0.212344308444996 | 2.0e-15 |    66.234491 |    64.772226 | 0.977923 | 0.455297 |    3.646 |    2.109 |    5.307 |    4.410 | +4.8e-12 | -7.0e-12 | +8.8e-07 | 1.2e-10 | ja
2    0.750 | 0.0100 | 0.0128305702683771 | 2.7e-15 |   122.109342 |   119.476170 | 0.978436 | 0.448386 |    6.711 |    5.063 |    8.406 |    7.168 | +4.2e-12 | -6.0e-12 | +8.6e-07 | 1.7e-10 | ja
3    0.750 | 0.0100 | 0.000398124414970409 | 2.7e-15 |   179.998476 |   176.127251 | 0.978493 | 0.447669 |    9.830 |    8.154 |   11.535 |   10.148 | +4.4e-12 | -5.8e-12 | +8.5e-07 | 9.6e-11 | ja
4    0.750 | 0.0100 | 8.30452322381177e-06 | 1.8e-15 |   238.518842 |   233.391199 | 0.978502 | 0.447560 |   12.984 |   11.296 |   14.692 |   13.226 | +4.3e-12 | -5.8e-12 | +8.4e-07 | 7.9e-11 | ja
5    0.750 | 0.0100 | 1.31153283740996e-07 | 3.6e-15 |   297.297284 |   290.906540 | 0.978504 | 0.447543 |   16.156 |   14.462 |   17.865 |   16.351 | +4.2e-12 | -5.7e-12 | +8.4e-07 | 1.3e-10 | ja
6    0.750 | 0.0100 | 1.67149599045911e-09 | 3.2e-14 |   356.204070 |   348.547139 | 0.978504 | 0.447543 |   19.338 |   17.641 |   21.048 |   19.501 | +4.2e-12 | -5.7e-12 | +8.3e-07 | 1.7e-10 | ja
7    0.750 | 0.0100 | 1.78832772114166e-11 | 3.2e-14 |   415.183677 |   406.258883 | 0.978504 | 0.447545 |   22.526 |   20.827 |   24.236 |   22.666 | +4.1e-12 | -5.7e-12 | +8.3e-07 | 7.6e-10 | ja
8    0.750 | 0.0100 | 1.65006189903998e-13 | 3.2e-14 |   474.208546 |   464.014876 | 0.978504 | 0.447549 |   25.718 |   24.018 |   27.428 |   25.841 | +4.0e-12 | -5.7e-12 | +8.2e-07 | 2.3e-10 | ja
0    0.775 | 0.0100 | 0.786208890001721 | 2.2e-16 |    17.446225 |    17.023658 | 0.975779 | 0.618124 |    0.000 |    0.000 |    1.771 |    2.179 | -3.8e-12 | +3.5e-11 | +1.3e-06 | 1.7e-11 | ja
1    0.775 | 0.0100 | 0.192928897047881 | 2.2e-15 |    62.851740 |    61.819251 | 0.983573 | 0.400700 |    3.754 |    2.181 |    5.459 |    4.553 | +4.1e-12 | -6.3e-12 | +8.6e-07 | 6.8e-11 | ja
2    0.775 | 0.0100 | 0.0113671518080787 | 1.8e-15 |   116.040462 |   114.178320 | 0.983953 | 0.394553 |    6.927 |    5.240 |    8.666 |    7.406 | +3.6e-12 | -5.5e-12 | +8.4e-07 | 1.1e-10 | ja
3    0.775 | 0.0100 | 0.00034610152354588 | 1.8e-15 |   171.077706 |   168.339832 | 0.983996 | 0.393901 |   10.152 |    8.435 |   11.900 |   10.486 | +3.8e-12 | -5.4e-12 | +8.3e-07 | 7.0e-11 | ja
4    0.775 | 0.0100 | 7.09930884920898e-06 | 1.8e-15 |   226.702406 |   223.075997 | 0.984004 | 0.393799 |   13.412 |   11.683 |   15.163 |   13.666 | +3.7e-12 | -5.3e-12 | +8.3e-07 | 2.8e-11 | ja
5    0.775 | 0.0100 | 1.10343367659701e-07 | 3.6e-15 |   282.569638 |   278.049988 | 0.984005 | 0.393781 |   16.690 |   14.954 |   18.442 |   16.894 | +3.6e-12 | -5.3e-12 | +8.2e-07 | 5.4e-10 | ja
6    0.775 | 0.0100 | 1.38450278081598e-09 | 3.2e-14 |   338.558120 |   333.143043 | 0.984005 | 0.393779 |   19.978 |   18.239 |   21.730 |   20.148 | +3.5e-12 | -5.3e-12 | +8.1e-07 | 6.3e-10 | ja
7    0.775 | 0.0100 | 1.45860603701258e-11 | 3.2e-14 |   394.615593 |   388.303900 | 0.984005 | 0.393781 |   23.272 |   21.531 |   25.024 |   23.418 | +3.5e-12 | -5.3e-12 | +8.0e-07 | 3.9e-10 | ja
8    0.775 | 0.0100 | 1.32538078733602e-13 | 7.1e-14 |   450.716017 |   443.506988 | 0.984005 | 0.393784 |   26.570 |   24.827 |   28.322 |   26.698 | +3.4e-12 | -5.2e-12 | +8.0e-07 | 7.2e-10 | ja
0    0.800 | 0.0100 | 0.736248149041049 | 2.2e-16 |    16.231517 |    15.946063 | 0.982414 | 0.542061 |    0.000 |    0.000 |    1.788 |    2.258 | -4.2e-12 | +4.6e-11 | +1.3e-06 | 1.2e-11 | ja
1    0.800 | 0.0100 | 0.172779162538719 | 2.2e-15 |    60.083345 |    59.363186 | 0.988014 | 0.348800 |    3.903 |    2.275 |    5.669 |    4.744 | +3.3e-12 | -5.3e-12 | +8.4e-07 | 2.5e-10 | ja
2    0.800 | 0.0100 | 0.00982664265969053 | 1.8e-15 |   111.062481 |   109.761942 | 0.988290 | 0.343402 |    7.215 |    5.469 |    9.017 |    7.721 | +2.9e-12 | -4.7e-12 | +8.2e-07 | 8.0e-11 | ja
3    0.800 | 0.0100 | 0.00029033429259314 | 1.8e-15 |   163.759715 |   161.847436 | 0.988323 | 0.342817 |   10.579 |    8.802 |   12.390 |   10.931 | +3.0e-12 | -4.6e-12 | +8.2e-07 | 2.4e-10 | ja
4    0.800 | 0.0100 | 5.78958080255067e-06 | 1.8e-15 |   217.009188 |   214.476341 | 0.988328 | 0.342722 |   13.978 |   12.188 |   15.792 |   14.246 | +2.9e-12 | -4.6e-12 | +8.0e-07 | 3.0e-10 | ja
5    0.800 | 0.0100 | 8.75413620897804e-08 | 3.6e-15 |   270.488505 |   267.331816 | 0.988330 | 0.342703 |   17.395 |   15.599 |   19.210 |   17.611 | +2.9e-12 | -4.5e-12 | +8.0e-07 | 2.9e-10 | ja
6    0.800 | 0.0100 | 1.06888686016718e-09 | 3.6e-14 |   324.083241 |   320.301181 | 0.988330 | 0.342701 |   20.823 |   19.023 |   22.638 |   21.003 | +2.8e-12 | -4.5e-12 | +7.9e-07 | 1.2e-10 | ja
7    0.800 | 0.0100 | 1.09601668225595e-11 | 3.6e-14 |   377.743812 |   373.335547 | 0.988330 | 0.342702 |   24.257 |   22.455 |   26.072 |   24.412 | +2.8e-12 | -4.5e-12 | +7.8e-07 | 5.4e-10 | ja
8    0.800 | 0.0100 | 9.69398088680861e-14 | 3.6e-14 |   431.445426 |   426.410453 | 0.988330 | 0.342703 |   27.695 |   25.891 |   29.510 |   27.831 | +2.7e-12 | -4.5e-12 | +7.8e-07 | 2.8e-10 | ja
0    0.825 | 0.0100 | 0.683911557151834 | 2.2e-16 |    15.262823 |    15.073142 | 0.987572 | 0.467735 |    0.000 |    0.000 |    1.832 |    2.367 | -4.0e-12 | +4.7e-11 | +1.3e-06 | 1.9e-11 | ja
1    0.825 | 0.0100 | 0.152084552018769 | 2.0e-15 |    57.772453 |    57.280655 | 0.991487 | 0.299257 |    4.100 |    2.397 |    5.949 |    4.994 | +2.5e-12 | -4.2e-12 | +8.3e-07 | 4.7e-11 | ja
2    0.825 | 0.0100 | 0.00825887083488079 | 2.7e-15 |   106.899191 |   106.010058 | 0.991683 | 0.294593 |    7.591 |    5.764 |    9.479 |    8.130 | +2.1e-12 | -3.7e-12 | +8.0e-07 | 1.1e-10 | ja
3    0.825 | 0.0100 | 0.000234033296485585 | 3.6e-15 |   157.638839 |   156.331409 | 0.991706 | 0.294074 |   11.135 |    9.275 |   13.032 |   11.510 | +2.2e-12 | -3.6e-12 | +8.0e-07 | 3.0e-10 | ja
4    0.825 | 0.0100 | 4.48306490048037e-06 | 1.8e-15 |   208.901783 |   207.170090 | 0.991710 | 0.293988 |   14.715 |   12.842 |   16.614 |   15.000 | +2.2e-12 | -3.6e-12 | +7.9e-07 | 7.3e-11 | ja
5    0.825 | 0.0100 | 6.51554904629182e-08 | 3.6e-15 |   260.384011 |   258.225822 | 0.991712 | 0.293971 |   18.313 |   16.433 |   20.213 |   18.543 | +2.2e-12 | -3.6e-12 | +7.8e-07 | 1.9e-10 | ja
6    0.825 | 0.0100 | 7.64887541131524e-10 | 7.1e-14 |   311.976772 |   309.391043 | 0.991712 | 0.293968 |   21.922 |   20.039 |   23.823 |   22.115 | +2.1e-12 | -3.6e-12 | +7.8e-07 | 3.8e-10 | ja
7    0.825 | 0.0100 | 7.54176823767314e-12 | 3.6e-14 |   363.632716 |   360.618874 | 0.991712 | 0.293968 |   25.538 |   23.652 |   27.438 |   25.703 | +2.1e-12 | -3.6e-12 | +7.7e-07 | 8.6e-10 | ja
8    0.825 | 0.0100 | 6.41482218978616e-14 | 3.6e-14 |   415.328100 |   411.885801 | 0.991712 | 0.293969 |   29.158 |   27.270 |   31.058 |   29.303 | +2.1e-12 | -3.6e-12 | +7.6e-07 | 7.1e-10 | ja
0    0.850 | 0.0100 | 0.628747641692145 | 3.3e-16 |    14.472714 |    14.350254 | 0.991539 | 0.395324 |    0.000 |    0.000 |    1.908 |    2.515 | -3.4e-12 | +4.2e-11 | +1.3e-06 | 3.9e-11 | ja
1    0.850 | 0.0100 | 0.130981356904641 | 1.8e-15 |    55.811952 |    55.486869 | 0.994175 | 0.251791 |    4.360 |    2.555 |    6.322 |    5.320 | +1.7e-12 | -3.0e-12 | +8.1e-07 | 6.9e-11 | ja
2    0.850 | 0.0100 | 0.0067056147455562 | 2.7e-15 |   103.361374 |   102.773080 | 0.994308 | 0.247842 |    8.085 |    6.148 |   10.087 |    8.663 | +1.5e-12 | -2.7e-12 | +7.9e-07 | 1.3e-10 | ja
3    0.850 | 0.0100 | 0.000179831838275661 | 1.8e-15 |   152.437131 |   151.572030 | 0.994325 | 0.247396 |   11.863 |    9.891 |   13.875 |   12.267 | +1.6e-12 | -2.6e-12 | +7.8e-07 | 1.8e-10 | ja
4    0.850 | 0.0100 | 3.26462109828055e-06 | 1.8e-15 |   202.011976 |   200.866159 | 0.994328 | 0.247319 |   15.678 |   13.692 |   17.692 |   15.985 | +1.5e-12 | -2.6e-12 | +7.7e-07 | 2.1e-10 | ja
5    0.850 | 0.0100 | 4.4989165387759e-08 | 3.6e-15 |   251.797169 |   250.369165 | 0.994329 | 0.247302 |   19.513 |   17.520 |   21.528 |   19.761 | +1.5e-12 | -2.6e-12 | +7.7e-07 | 2.3e-10 | ja
6    0.850 | 0.0100 | 5.00908805327488e-10 | 3.6e-14 |   301.688741 |   299.977857 | 0.994329 | 0.247299 |   23.359 |   21.362 |   25.374 |   23.566 | +1.5e-12 | -2.6e-12 | +7.6e-07 | 2.8e-10 | ja
7    0.850 | 0.0100 | 4.68482834019554e-12 | 3.6e-14 |   351.641234 |   349.647092 | 0.994329 | 0.247299 |   27.212 |   25.213 |   29.227 |   27.390 | +1.5e-12 | -2.6e-12 | +7.5e-07 | 4.3e-10 | ja
8    0.850 | 0.0100 | 3.78004462526375e-14 | 3.6e-14 |   401.631797 |   399.354167 | 0.994329 | 0.247300 |   31.069 |   29.068 |   33.084 |   31.225 | +1.4e-12 | -2.6e-12 | +7.5e-07 | 4.7e-10 | ja
0    0.875 | 0.0100 | 0.569974485723162 | 3.3e-16 |    13.816066 |    13.740555 | 0.994535 | 0.324871 |    0.000 |    0.000 |    2.025 |    2.716 | -2.5e-12 | +3.1e-11 | +1.3e-06 | 2.4e-11 | ja
1    0.875 | 0.0100 | 0.109569975001073 | 2.2e-15 |    54.126105 |    53.921496 | 0.996220 | 0.206173 |    4.710 |    2.766 |    6.825 |    5.757 | +1.1e-12 | -2.0e-12 | +7.9e-07 | 1.1e-10 | ja
2    0.875 | 0.0100 | 0.00520406452892585 | 2.7e-15 |   100.314869 |    99.944279 | 0.996306 | 0.202923 |    8.745 |    6.658 |   10.904 |    9.377 | +9.3e-13 | -1.8e-12 | +7.7e-07 | 2.8e-11 | ja
3    0.875 | 0.0100 | 0.000129915113705524 | 1.8e-15 |   147.957499 |   147.412514 | 0.996317 | 0.202548 |   12.836 |   10.712 |   15.004 |   13.276 | +9.8e-13 | -1.7e-12 | +7.7e-07 | 1.8e-10 | ja
4    0.875 | 0.0100 | 2.19807566212828e-06 | 1.8e-15 |   196.078665 |   195.356843 | 0.996319 | 0.202482 |   16.965 |   14.826 |   19.136 |   17.301 | +9.6e-13 | -1.7e-12 | +7.6e-07 | 1.6e-10 | ja
5    0.875 | 0.0100 | 2.82448780964848e-08 | 3.6e-15 |   244.402519 |   243.502937 | 0.996319 | 0.202467 |   21.116 |   18.969 |   23.287 |   21.387 | +9.5e-13 | -1.7e-12 | +7.5e-07 | 5.7e-10 | ja
6    0.875 | 0.0100 | 2.93296181301521e-10 | 3.2e-14 |   292.829170 |   291.751393 | 0.996319 | 0.202464 |   25.279 |   23.127 |   27.450 |   25.505 | +9.3e-13 | -1.7e-12 | +7.4e-07 | 4.0e-10 | ja
7    0.875 | 0.0100 | 2.55862754517007e-12 | 3.6e-14 |   341.314788 |   340.058576 | 0.996319 | 0.202463 |   29.449 |   27.295 |   31.620 |   29.643 | +9.2e-13 | -1.7e-12 | +7.4e-07 | 1.3e-10 | ja
8    0.875 | 0.0100 | 1.92577316157545e-14 | 3.2e-14 |   389.837292 |   388.402500 | 0.996320 | 0.202463 |   33.623 |   31.467 |   35.795 |   33.794 | +9.0e-13 | -1.7e-12 | +7.4e-07 | 5.5e-10 | ja
0    0.900 | 0.0100 | 0.506308182755311 | 2.2e-16 |    13.261657 |    13.218366 | 0.996736 | 0.256348 |    0.000 |    0.000 |    2.202 |    2.999 | -1.6e-12 | +2.0e-11 | +1.2e-06 | 2.0e-11 | ja
1    0.900 | 0.0100 | 0.0879258528309184 | 2.2e-15 |    52.659784 |    52.540345 | 0.997732 | 0.162211 |    5.199 |    3.060 |    7.531 |    6.365 | +5.9e-13 | -1.1e-12 | +7.8e-07 | 1.8e-10 | ja
2    0.900 | 0.0100 | 0.00378982551991547 | 2.7e-15 |    97.661787 |    97.445295 | 0.997783 | 0.159641 |    9.666 |    7.368 |   12.045 |   10.370 | +5.1e-13 | -1.0e-12 | +7.6e-07 | 5.0e-11 | ja
3    0.900 | 0.0100 | 8.61160842877826e-05 | 3.6e-15 |   144.056119 |   143.737737 | 0.997790 | 0.159341 |   14.191 |   11.852 |   16.580 |   14.683 | +5.4e-13 | -9.9e-13 | +7.6e-07 | 1.0e-10 | ja
4    0.900 | 0.0100 | 1.32765615448397e-06 | 3.6e-15 |   190.911319 |   190.489631 | 0.997791 | 0.159286 |   18.759 |   16.403 |   21.150 |   19.133 | +5.3e-13 | -9.8e-13 | +7.4e-07 | 1.4e-10 | ja
5    0.900 | 0.0100 | 1.55519678581186e-08 | 3.6e-15 |   237.962564 |   237.437033 | 0.997792 | 0.159273 |   23.349 |   20.985 |   25.742 |   23.651 | +5.2e-13 | -9.7e-13 | +7.4e-07 | 3.8e-10 | ja
6    0.900 | 0.0100 | 1.4724469707183e-10 | 3.6e-14 |   285.113487 |   284.483858 | 0.997792 | 0.159270 |   27.953 |   25.583 |   30.345 |   28.205 | +5.2e-13 | -9.7e-13 | +7.3e-07 | 2.6e-10 | ja
7    0.900 | 0.0100 | 1.17131291244046e-12 | 3.2e-14 |   332.321670 |   331.587803 | 0.997792 | 0.159269 |   32.564 |   30.192 |   34.956 |   32.781 | +5.0e-13 | -9.7e-13 | +7.3e-07 | 3.8e-10 | ja
8    0.900 | 0.0100 | 8.03951904148521e-15 | 6.4e-14 |   379.565703 |   378.727513 | 0.997792 | 0.159269 |   37.181 |   34.806 |   39.573 |   37.371 | +4.9e-13 | -9.7e-13 | +7.2e-07 | 2.3e-10 | ja
0    0.920 | 0.0106 | 0.450416147176109 | 2.2e-16 |    12.876578 |    12.851065 | 0.998019 | 0.202875 |    0.000 |    0.000 |    2.413 |    3.323 | -1.2e-12 | +1.5e-11 | +1.2e-06 | 3.8e-11 | ja
1    0.920 | 0.0106 | 0.0704821972429531 | 2.2e-15 |    51.616794 |    51.545493 | 0.998619 | 0.128122 |    5.760 |    3.394 |    8.339 |    7.059 | +4.0e-13 | -7.8e-13 | +7.7e-07 | 5.1e-11 | ja
2    0.920 | 0.0106 | 0.00274625922460646 | 1.8e-15 |    95.772777 |    95.643469 | 0.998650 | 0.126086 |   10.716 |    8.176 |   13.348 |   11.501 | +3.5e-13 | -7.0e-13 | +7.5e-07 | 1.5e-10 | ja
3    0.920 | 0.0106 | 5.65328754854535e-05 | 3.6e-15 |   141.278173 |   141.088000 | 0.998654 | 0.125845 |   15.736 |   13.150 |   18.379 |   16.285 | +3.6e-13 | -6.9e-13 | +7.5e-07 | 2.5e-10 | ja
4    0.920 | 0.0106 | 7.90202519791505e-07 | 1.8e-15 |   187.231989 |   186.980113 | 0.998655 | 0.125800 |   20.803 |   18.198 |   23.448 |   21.221 | +3.6e-13 | -6.8e-13 | +7.4e-07 | 2.1e-10 | ja
5    0.920 | 0.0106 | 8.39477054167389e-09 | 3.6e-15 |   233.377138 |   233.063238 | 0.998655 | 0.125789 |   25.894 |   23.280 |   28.540 |   26.231 | +3.5e-13 | -6.8e-13 | +7.3e-07 | 2.2e-10 | ja
6    0.920 | 0.0106 | 7.20935102254401e-11 | 3.6e-14 |   279.619743 |   279.243666 | 0.998655 | 0.125786 |   31.000 |   28.380 |   33.646 |   31.282 | +3.5e-13 | -6.8e-13 | +7.2e-07 | 2.5e-10 | ja
7    0.920 | 0.0106 | 5.20230228993368e-13 | 3.6e-14 |   325.918390 |   325.480053 | 0.998655 | 0.125786 |   36.115 |   33.491 |   38.761 |   36.357 | +3.4e-13 | -6.8e-13 | +7.2e-07 | 1.2e-10 | ja
8    0.920 | 0.0106 | 3.23920459545624e-15 | 3.6e-14 |   372.252147 |   371.751499 | 0.998655 | 0.125785 |   41.235 |   38.609 |   43.881 |   41.447 | +3.4e-13 | -6.8e-13 | +7.1e-07 | 4.4e-10 | ja
0    0.940 | 0.0122 | 0.388008432044517 | 2.8e-16 |    12.534054 |    12.520782 | 0.998941 | 0.150551 |    0.000 |    0.000 |    2.735 |    3.806 | -9.8e-13 | +1.3e-11 | +1.2e-06 | 2.3e-11 | ja
1    0.940 | 0.0122 | 0.0529501276298448 | 2.2e-15 |    50.671386 |    50.633857 | 0.999259 | 0.094917 |    6.594 |    3.890 |    9.542 |    8.089 | +3.2e-13 | -6.2e-13 | +7.6e-07 | 9.1e-11 | ja
2    0.940 | 0.0122 | 0.00180444120142265 | 1.8e-15 |    94.059146 |    93.991051 | 0.999276 | 0.093404 |   12.277 |    9.374 |   15.287 |   13.182 | +2.7e-13 | -5.6e-13 | +7.5e-07 | 1.4e-10 | ja
3    0.940 | 0.0122 | 3.25516833973879e-05 | 1.8e-15 |   138.758028 |   138.657879 | 0.999278 | 0.093223 |   18.033 |   15.076 |   21.054 |   18.664 | +2.9e-13 | -5.5e-13 | +7.3e-07 | 2.2e-10 | ja
4    0.940 | 0.0122 | 3.99022057746063e-07 | 3.6e-15 |   183.894138 |   183.761495 | 0.999279 | 0.093188 |   23.840 |   20.862 |   26.864 |   24.321 | +2.8e-13 | -5.5e-13 | +7.3e-07 | 5.2e-10 | ja
5    0.940 | 0.0122 | 3.71859011148068e-09 | 3.6e-15 |   229.217318 |   229.052013 | 0.999279 | 0.093180 |   29.675 |   26.687 |   32.700 |   30.064 | +2.8e-13 | -5.5e-13 | +7.2e-07 | 1.5e-10 | ja
6    0.940 | 0.0122 | 2.80178396896314e-11 | 3.6e-14 |   274.635940 |   274.437892 | 0.999279 | 0.093177 |   35.527 |   32.533 |   38.552 |   35.852 | +2.7e-13 | -5.5e-13 | +7.1e-07 | 1.3e-10 | ja
7    0.940 | 0.0122 | 1.77391959247185e-13 | 3.2e-14 |   320.109496 |   319.878662 | 0.999279 | 0.093177 |   41.389 |   38.390 |   44.414 |   41.668 | +2.7e-13 | -5.5e-13 | +7.1e-07 | 4.5e-10 | ja
8    0.940 | 0.0122 | 9.6915852158909e-16 | 3.6e-14 |   365.617490 |   365.353843 | 0.999279 | 0.093176 |   47.257 |   44.256 |   50.281 |   47.502 | +2.6e-13 | -5.5e-13 | +7.0e-07 | 4.2e-10 | ja
0    0.950 | 0.0134 | 0.353277225597432 | 2.2e-16 |    12.376589 |    12.367713 | 0.999283 | 0.124805 |    0.000 |    0.000 |    2.971 |    4.153 | -8.5e-13 | +1.1e-11 | +1.2e-06 | 3.0e-11 | ja
1    0.950 | 0.0134 | 0.0441570879946245 | 2.2e-15 |    50.231001 |    50.205763 | 0.999498 | 0.078625 |    7.194 |    4.247 |   10.409 |    8.830 | +2.7e-13 | -5.4e-13 | +7.6e-07 | 1.2e-10 | ja
2    0.950 | 0.0134 | 0.00138011467935229 | 2.7e-15 |    93.260467 |    93.214663 | 0.999509 | 0.077370 |   13.399 |   10.234 |   16.680 |   14.389 | +2.3e-13 | -4.9e-13 | +7.4e-07 | 3.9e-11 | ja
3    0.950 | 0.0134 | 2.28553476293145e-05 | 3.6e-15 |   137.583419 |   137.516052 | 0.999510 | 0.077219 |   19.682 |   16.459 |   22.976 |   20.374 | +2.4e-13 | -4.8e-13 | +7.3e-07 | 1.2e-10 | ja
4    0.950 | 0.0134 | 2.57277482529153e-07 | 3.6e-15 |   182.338415 |   182.249192 | 0.999511 | 0.077190 |   26.021 |   22.775 |   29.319 |   26.549 | +2.4e-13 | -4.7e-13 | +7.2e-07 | 5.5e-10 | ja
5    0.950 | 0.0134 | 2.20207851262988e-09 | 3.6e-15 |   227.278499 |   227.167306 | 0.999511 | 0.077183 |   32.391 |   29.134 |   35.689 |   32.816 | +2.4e-13 | -4.7e-13 | +7.2e-07 | 6.2e-10 | ja
6    0.950 | 0.0134 | 1.52393444127085e-11 | 3.6e-14 |   272.313085 |   272.179867 | 0.999511 | 0.077181 |   38.779 |   35.514 |   42.077 |   39.135 | +2.4e-13 | -4.7e-13 | +7.1e-07 | 2.1e-10 | ja
7    0.950 | 0.0134 | 8.8625234484953e-14 | 3.6e-14 |   317.402089 |   317.246818 | 0.999511 | 0.077180 |   45.177 |   41.909 |   48.475 |   45.483 | +2.3e-13 | -4.7e-13 | +7.1e-07 | 6.6e-10 | ja
8    0.950 | 0.0134 | 4.44752896002536e-16 | 1.4e-13 |   362.525217 |   362.347873 | 0.999511 | 0.077180 |   51.583 |   48.311 |   54.880 |   51.851 | +2.3e-13 | -4.7e-13 | +7.0e-07 | 9.3e-10 | ja
0    0.960 | 0.0150 | 0.315164445397629 | 2.8e-16 |    12.227351 |    12.221875 | 0.999552 | 0.099329 |    0.000 |    0.000 |    3.294 |    4.627 | -7.1e-13 | +9.7e-12 | +1.2e-06 | 3.8e-11 | ja
1    0.960 | 0.0150 | 0.0353488858643717 | 2.2e-15 |    49.810199 |    49.794546 | 0.999686 | 0.062531 |    8.011 |    4.732 |   11.590 |    9.838 | +2.2e-13 | -4.4e-13 | +7.5e-07 | 1.7e-10 | ja
2    0.960 | 0.0150 | 0.000992650510102643 | 2.7e-15 |    92.497039 |    92.468625 | 0.999693 | 0.061532 |   14.927 |   11.405 |   18.579 |   16.032 | +1.9e-13 | -4.0e-13 | +7.3e-07 | 1.5e-10 | ja
3    0.960 | 0.0150 | 1.47829826361751e-05 | 1.8e-15 |   136.460631 |   136.418841 | 0.999694 | 0.061411 |   21.928 |   18.342 |   25.594 |   22.701 | +2.0e-13 | -3.9e-13 | +7.3e-07 | 2.2e-10 | ja
4    0.960 | 0.0150 | 1.49696674244989e-07 | 1.8e-15 |   180.851332 |   180.795984 | 0.999694 | 0.061388 |   28.991 |   25.379 |   32.661 |   29.581 | +2.0e-13 | -3.9e-13 | +7.2e-07 | 2.7e-11 | ja
5    0.960 | 0.0150 | 1.15275335534447e-09 | 3.6e-14 |   225.425229 |   225.356252 | 0.999694 | 0.061382 |   36.089 |   32.464 |   39.760 |   36.564 | +1.9e-13 | -3.9e-13 | +7.1e-07 | 2.7e-10 | ja
6    0.960 | 0.0150 | 7.17777315274351e-12 | 3.2e-14 |   270.092730 |   270.010090 | 0.999694 | 0.061380 |   43.206 |   39.573 |   46.877 |   43.604 | +1.9e-13 | -3.9e-13 | +7.0e-07 | 3.0e-10 | ja
7    0.960 | 0.0150 | 3.75590760851668e-14 | 3.6e-14 |   314.814156 |   314.717835 | 0.999694 | 0.061379 |   50.336 |   46.698 |   54.005 |   50.677 | +1.9e-13 | -3.9e-13 | +7.0e-07 | 7.5e-11 | ja
8    0.960 | 0.0150 | 1.69597226397363e-16 | 2.8e-14 |   359.569404 |   359.459391 | 0.999694 | 0.061379 |   57.473 |   53.831 |   61.142 |   57.772 | +1.9e-13 | -3.9e-13 | +6.9e-07 | 1.8e-10 | ja
0    0.970 | 0.0173 | 0.272242570511745 | 2.8e-16 |    12.085706 |    12.082735 | 0.999754 | 0.074116 |    0.000 |    0.000 |    3.773 |    5.324 | -5.5e-13 | +7.6e-12 | +1.2e-06 | 3.0e-11 | ja
1    0.970 | 0.0173 | 0.026527417217676 | 2.2e-15 |    49.407673 |    49.399135 | 0.999827 | 0.046628 |    9.215 |    5.446 |   13.329 |   11.322 | +1.7e-13 | -3.4e-13 | +7.5e-07 | 1.3e-10 | ja
2    0.970 | 0.0173 | 0.000647951206806549 | 1.8e-15 |    91.766526 |    91.751024 | 0.999831 | 0.045882 |   17.176 |   13.127 |   21.375 |   18.451 | +1.5e-13 | -3.1e-13 | +7.3e-07 | 2.0e-10 | ja
3    0.970 | 0.0173 | 8.40053743221061e-06 | 1.8e-15 |   135.386233 |   135.363434 | 0.999832 | 0.045791 |   25.234 |   21.112 |   29.449 |   26.126 | +1.5e-13 | -3.0e-13 | +7.2e-07 | 2.7e-10 | ja
4    0.970 | 0.0173 | 7.40788435153822e-08 | 3.6e-15 |   179.428344 |   179.398148 | 0.999832 | 0.045773 |   33.363 |   29.212 |   37.583 |   34.043 | +1.5e-13 | -3.0e-13 | +7.2e-07 | 1.7e-10 | ja
5    0.970 | 0.0173 | 4.9683322921623e-10 | 3.2e-14 |   223.651843 |   223.614211 | 0.999832 | 0.045769 |   41.532 |   37.365 |   45.752 |   42.080 | +1.5e-13 | -3.0e-13 | +7.1e-07 | 1.7e-10 | ja
6    0.970 | 0.0173 | 2.6945232587623e-12 | 3.6e-14 |   267.968087 |   267.923001 | 0.999832 | 0.045768 |   49.723 |   45.547 |   53.943 |   50.182 | +1.5e-13 | -3.0e-13 | +7.0e-07 | 3.7e-10 | ja
7    0.970 | 0.0173 | 1.22811445588387e-14 | 2.8e-14 |   312.337783 |   312.285233 | 0.999832 | 0.045767 |   57.928 |   53.746 |   62.147 |   58.322 | +1.5e-13 | -3.0e-13 | +6.9e-07 | 3.3e-10 | ja
8    0.970 | 0.0173 | 4.83039409262302e-17 | 3.6e-14 |   356.741013 |   356.680993 | 0.999832 | 0.045767 |   66.142 |   61.956 |   70.360 |   66.487 | +1.4e-13 | -3.0e-13 | +6.9e-07 | 1.6e-10 | ja
0    0.975 | 0.0190 | 0.248206918031633 | 2.8e-16 |    12.017551 |    12.015523 | 0.999831 | 0.061607 |    0.000 |    0.000 |    4.117 |    5.822 | -4.7e-13 | +6.5e-12 | +1.2e-06 | 2.3e-11 | ja
1    0.975 | 0.0190 | 0.0221122549674889 | 2.2e-15 |    49.212887 |    49.207048 | 0.999881 | 0.038746 |   10.076 |    5.957 |   14.573 |   12.382 | +1.4e-13 | -2.9e-13 | +7.5e-07 | 9.7e-11 | ja
2    0.975 | 0.0190 | 0.000494099715605282 | 1.8e-15 |    91.412940 |    91.402336 | 0.999884 | 0.038125 |   18.784 |   14.358 |   23.373 |   20.180 | +1.2e-13 | -2.6e-13 | +7.3e-07 | 1.4e-10 | ja
3    0.975 | 0.0190 | 5.86265774131046e-06 | 3.6e-15 |   134.866191 |   134.850595 | 0.999884 | 0.038050 |   27.597 |   23.091 |   32.204 |   28.573 | +1.3e-13 | -2.6e-13 | +7.2e-07 | 2.1e-10 | ja
4    0.975 | 0.0190 | 4.73220973890697e-08 | 3.6e-15 |   178.739575 |   178.718919 | 0.999884 | 0.038035 |   36.488 |   31.950 |   41.100 |   37.232 | +1.3e-13 | -2.5e-13 | +7.1e-07 | 2.5e-10 | ja
5    0.975 | 0.0190 | 2.90529101301958e-10 | 3.6e-14 |   222.793474 |   222.767730 | 0.999884 | 0.038031 |   45.421 |   40.867 |   50.034 |   46.022 | +1.3e-13 | -2.5e-13 | +7.1e-07 | 5.5e-10 | ja
6    0.975 | 0.0190 | 1.44239011078902e-12 | 3.2e-14 |   266.939700 |   266.908858 | 0.999884 | 0.038030 |   54.380 |   49.816 |   58.992 |   54.882 | +1.2e-13 | -2.5e-13 | +7.0e-07 | 8.8e-11 | ja
7    0.975 | 0.0190 | 6.01822139630015e-15 | 3.6e-14 |   311.139150 |   311.103202 | 0.999884 | 0.038030 |   63.353 |   58.783 |   67.965 |   63.785 | +1.2e-13 | -2.5e-13 | +6.9e-07 | 1.5e-10 | ja
8    0.975 | 0.0190 | 2.16692748176503e-17 | 3.6e-14 |   355.371995 |   355.330937 | 0.999884 | 0.038030 |   72.337 |   67.761 |   76.947 |   72.715 | +1.2e-13 | -2.5e-13 | +6.9e-07 | 2.8e-10 | ja
0    0.980 | 0.0212 | 0.221722755110087 | 2.5e-16 |    11.951084 |    11.949809 | 0.999893 | 0.049161 |    0.000 |    0.000 |    4.586 |    6.498 | -3.8e-13 | +5.4e-12 | +1.2e-06 | 2.2e-11 | ja
1    0.980 | 0.0212 | 0.0176944134222694 | 2.7e-15 |    49.022233 |    49.018551 | 0.999925 | 0.030909 |   11.244 |    6.649 |   16.262 |   13.821 | +1.2e-13 | -2.3e-13 | +7.5e-07 | 2.0e-10 | ja
2    0.980 | 0.0212 | 0.00035438286534643 | 2.7e-15 |    91.066799 |    91.060112 | 0.999927 | 0.030414 |   20.966 |   16.029 |   26.086 |   22.526 | +1.0e-13 | -2.1e-13 | +7.3e-07 | 1.8e-10 | ja
3    0.980 | 0.0212 | 3.77038066811057e-06 | 1.8e-15 |   134.357094 |   134.347260 | 0.999927 | 0.030353 |   30.804 |   25.777 |   35.944 |   31.895 | +1.0e-13 | -2.1e-13 | +7.2e-07 | 9.7e-11 | ja
4    0.980 | 0.0212 | 2.72931191689494e-08 | 3.6e-15 |   178.065304 |   178.052279 | 0.999927 | 0.030341 |   40.728 |   35.666 |   45.874 |   41.561 | +1.0e-13 | -2.1e-13 | +7.1e-07 | 2.0e-10 | ja
5    0.980 | 0.0212 | 1.50280906749263e-10 | 3.6e-14 |   221.953172 |   221.936940 | 0.999927 | 0.030338 |   50.701 |   45.620 |   55.847 |   51.372 | +1.0e-13 | -2.1e-13 | +7.0e-07 | 2.9e-10 | ja
6    0.980 | 0.0212 | 6.69166611353171e-13 | 3.2e-14 |   265.932962 |   265.913515 | 0.999927 | 0.030337 |   60.701 |   55.609 |   65.846 |   61.262 | +9.9e-14 | -2.1e-13 | +7.0e-07 | 4.3e-10 | ja
7    0.980 | 0.0212 | 2.5041692049938e-15 | 3.6e-14 |   309.965750 |   309.943084 | 0.999927 | 0.030337 |   70.717 |   65.618 |   75.862 |   71.200 | +9.7e-14 | -2.1e-13 | +6.9e-07 | 4.5e-10 | ja
8    0.980 | 0.0212 | 8.08700645149709e-18 | 3.6e-14 |   354.031797 |   354.005909 | 0.999927 | 0.030337 |   80.745 |   75.640 |   85.889 |   81.168 | +9.6e-14 | -2.1e-13 | +6.9e-07 | 2.9e-10 | ja
0    0.985 | 0.0245 | 0.191776422668682 | 2.5e-16 |    11.886243 |    11.885538 | 0.999941 | 0.036778 |    0.000 |    0.000 |    5.276 |    7.491 | -2.9e-13 | +4.1e-12 | +1.2e-06 | 3.7e-11 | ja
1    0.985 | 0.0245 | 0.0132740859924002 | 1.8e-15 |    48.835576 |    48.833536 | 0.999958 | 0.023117 |   12.961 |    7.666 |   18.742 |   15.934 | +8.7e-14 | -1.8e-13 | +7.5e-07 | 1.6e-10 | ja
2    0.985 | 0.0245 | 0.000230710476016207 | 1.8e-15 |    90.727864 |    90.724158 | 0.999959 | 0.022746 |   24.169 |   18.481 |   30.069 |   25.969 | +7.6e-14 | -1.6e-13 | +7.2e-07 | 1.0e-10 | ja
3    0.985 | 0.0245 | 2.13098433461674e-06 | 3.6e-15 |   133.858593 |   133.853142 | 0.999959 | 0.022701 |   35.512 |   29.720 |   41.435 |   36.771 | +7.9e-14 | -1.6e-13 | +7.1e-07 | 2.1e-10 | ja
4    0.985 | 0.0245 | 1.33940996800771e-08 | 3.6e-15 |   177.405066 |   177.397847 | 0.999959 | 0.022692 |   46.954 |   41.121 |   52.883 |   47.915 | +7.7e-14 | -1.6e-13 | +7.1e-07 | 4.2e-10 | ja
5    0.985 | 0.0245 | 6.40406134241317e-11 | 3.6e-14 |   221.130361 |   221.121364 | 0.999959 | 0.022690 |   58.451 |   52.597 |   64.381 |   59.226 | +7.6e-14 | -1.6e-13 | +7.0e-07 | 4.6e-10 | ja
6    0.985 | 0.0245 | 2.47622127418582e-13 | 3.2e-14 |   264.947180 |   264.936401 | 0.999959 | 0.022689 |   69.980 |   64.113 |   75.909 |   70.628 | +7.5e-14 | -1.6e-13 | +6.9e-07 | 8.3e-10 | ja
7    0.985 | 0.0245 | 8.0469053036219e-16 | 3.6e-14 |   308.816777 |   308.804214 | 0.999959 | 0.022689 |   81.528 |   75.652 |   87.456 |   82.085 | +7.4e-14 | -1.6e-13 | +6.9e-07 | 5.9e-10 | ja
8    0.985 | 0.0245 | 2.25666401504973e-18 | 2.8e-14 |   352.719499 |   352.705150 | 0.999959 | 0.022688 |   93.088 |   87.207 |   99.016 |   93.576 | +7.3e-14 | -1.6e-13 | +6.8e-07 | 6.5e-10 | ja
0    0.990 | 0.0300 | 0.156389222962284 | 2.5e-16 |    11.822969 |    11.822661 | 0.999974 | 0.024458 |    0.000 |    0.000 |    6.438 |    9.161 | -2.0e-13 | +2.8e-12 | +1.2e-06 | 3.9e-11 | ja
1    0.990 | 0.0300 | 0.00885145775741301 | 1.8e-15 |    48.652791 |    48.651897 | 0.999982 | 0.015368 |   15.845 |    9.374 |   22.912 |   19.485 | +5.9e-14 | -1.2e-13 | +7.4e-07 | 9.9e-11 | ja
2    0.990 | 0.0300 | 0.000125867409605264 | 1.8e-15 |    90.395909 |    90.394285 | 0.999982 | 0.015122 |   29.553 |   22.601 |   36.764 |   31.757 | +5.1e-14 | -1.1e-13 | +7.2e-07 | 1.6e-10 | ja
3    0.990 | 0.0300 | 9.51553460231386e-07 | 3.6e-15 |   133.370352 |   133.367964 | 0.999982 | 0.015091 |   43.424 |   36.346 |   50.664 |   44.966 | +5.3e-14 | -1.1e-13 | +7.2e-07 | 3.8e-10 | ja
4    0.990 | 0.0300 | 4.89595202306369e-09 | 3.2e-14 |   176.758419 |   176.755257 | 0.999982 | 0.015086 |   57.416 |   50.287 |   64.663 |   58.592 | +5.2e-14 | -1.1e-13 | +7.1e-07 | 4.7e-10 | ja
5    0.990 | 0.0300 | 1.91635253978453e-11 | 3.2e-14 |   220.324489 |   220.320548 | 0.999982 | 0.015084 |   71.476 |   64.320 |   78.723 |   72.424 | +5.2e-14 | -1.1e-13 | +7.0e-07 | 5.2e-10 | ja
6    0.990 | 0.0300 | 6.06621324748392e-14 | 3.2e-14 |   263.981692 |   263.976970 | 0.999982 | 0.015083 |   85.574 |   78.403 |   92.820 |   86.367 | +5.1e-14 | -1.1e-13 | +6.9e-07 | 6.0e-10 | ja
7    0.990 | 0.0300 | 1.61388222205683e-16 | 3.6e-14 |   307.691458 |   307.685955 | 0.999982 | 0.015083 |   99.695 |   92.514 |  106.941 |  100.377 | +5.0e-14 | -1.0e-13 | +6.9e-07 | 2.7e-10 | ja
8    0.990 | 0.0300 | 3.70534268770468e-19 | 3.6e-14 |   351.434218 |   351.427933 | 0.999982 | 0.015083 |  113.832 |  106.644 |  121.076 |  114.429 | +4.9e-14 | -1.0e-13 | +6.8e-07 | 1.9e-10 | ja
0     NLS  | 0.0100 | 1.5600197932403 | 8.9e-16 |    11.700896 |    11.700896 | 1.000000 | 2.433662 |    0.000 |    0.000 |    0.639 |    0.913 | +2.2e-09 | +8.2e-08 | +1.2e-06 | 2.5e-11 | ja
1     NLS  | 0.0100 | 0.885525636610968 | 1.4e-16 |    48.298350 |    48.298350 | 1.000000 | 1.528398 |    1.579 |    0.935 |    2.283 |    1.943 | -7.5e-10 | -6.1e-09 | +7.3e-07 | 2.5e-11 | ja
2     NLS  | 0.0100 | 0.126421755934114 | 2.2e-15 |    89.752072 |    89.752072 | 1.000000 | 1.503811 |    2.946 |    2.254 |    3.664 |    3.166 | -6.3e-10 | -5.3e-09 | +7.1e-07 | 7.1e-11 | ja
3     NLS  | 0.0100 | 0.00960278274634632 | 1.8e-14 |   132.423384 |   132.423384 | 1.000000 | 1.500820 |    4.329 |    3.624 |    5.050 |    4.483 | -6.2e-10 | -5.2e-09 | +7.1e-07 | 1.7e-10 | ja
4     NLS  | 0.0100 | 0.000496570290257853 | 2.0e-14 |   175.504217 |   175.504217 | 1.000000 | 1.500190 |    5.724 |    5.014 |    6.446 |    5.842 | -5.9e-10 | -5.0e-09 | +7.0e-07 | 3.6e-10 | ja
5     NLS  | 0.0100 | 1.95365855837797e-05 | 2.0e-14 |   218.761465 |   218.761465 | 1.000000 | 1.500026 |    7.126 |    6.413 |    7.848 |    7.220 | -5.6e-10 | -4.9e-09 | +6.8e-07 | 2.0e-10 | ja
6     NLS  | 0.0100 | 6.21647338999721e-07 | 3.6e-14 |   262.109090 |   262.109090 | 1.000000 | 1.500013 |    8.531 |    7.817 |    9.253 |    8.611 | -5.2e-10 | -4.8e-09 | +6.8e-07 | 3.7e-10 | ja
7     NLS  | 0.0100 | 1.66250884901374e-08 | 3.6e-15 |   305.508860 |   305.508860 | 1.000000 | 1.499997 |    9.939 |    9.224 |   10.661 |   10.007 | -5.0e-10 | -4.6e-09 | +6.7e-07 | 4.0e-10 | ja
8     NLS  | 0.0100 | 3.83701662430487e-10 | 7.1e-14 |   348.941370 |   348.941370 | 1.000000 | 1.499987 |   11.348 |   10.633 |   12.070 |   11.408 | -4.7e-10 | -4.5e-09 | +6.7e-07 | 3.0e-10 | ja

Zeilen: 234, gueltig 234

Q_min(m) im Gitter (kleinste Ladung je m) und NLS-Grenze omega -> 1 (Q_lim = 2 N_T):
m | Q_min        | bei omega^2 | Lage                        | E_min        | J = m Q_min  | Q faellt monoton | Q_lim (NLS)  | rho_max/m (NLS)
0 |     11.82297 | 0.990       | Rand oben (groesstes omega^2) |     11.82266 |       0.0000 | ja               |     11.70090 | -
1 |     48.65279 | 0.990       | Rand oben (groesstes omega^2) |     48.65190 |      48.6528 | ja               |     48.29835 | 1.5790
2 |     90.39591 | 0.990       | Rand oben (groesstes omega^2) |     90.39429 |     180.7918 | ja               |     89.75207 | 1.4730
3 |    133.37035 | 0.990       | Rand oben (groesstes omega^2) |    133.36796 |     400.1111 | ja               |    132.42338 | 1.4430
4 |    176.75842 | 0.990       | Rand oben (groesstes omega^2) |    176.75526 |     707.0337 | ja               |    175.50422 | 1.4310
5 |    220.32449 | 0.990       | Rand oben (groesstes omega^2) |    220.32055 |    1101.6224 | ja               |    218.76147 | 1.4251
6 |    263.98169 | 0.990       | Rand oben (groesstes omega^2) |    263.97697 |    1583.8901 | ja               |    262.10909 | 1.4219
7 |    307.69146 | 0.990       | Rand oben (groesstes omega^2) |    307.68596 |    2153.8402 | ja               |    305.50886 | 1.4199
8 |    351.43422 | 0.990       | Rand oben (groesstes omega^2) |    351.42793 |    2811.4737 | ja               |    348.94137 | 1.4186
beta (Gitter, m = 3..8): 0.98814 (Standardfehler 1.6e-03, rms 1.1e-03, n = 6)
beta (NLS-Grenze, m = 3..8): 0.98815 (Standardfehler 1.6e-03, rms 1.1e-03, n = 6)
alpha (Ecken der fuehrenden Bahn, Gitter, m = 3..8): 2.01199 (Standardfehler 1.7e-03, rms 1.1e-03, n = 6)
alpha (Ecken, NLS-Grenze, m = 3..8): 2.01198 (Standardfehler 1.7e-03, rms 1.1e-03, n = 6)
beta lokal: 3-4: 0.9790, 4-5: 0.9873, 5-6: 0.9915, 6-7: 0.9939, 7-8: 0.9955
alpha lokal: 3-4: 2.0214, 4-5: 2.0128, 5-6: 2.0085, 6-7: 2.0061, 7-8: 2.0046
Ecken (E_min(m), J = m Q): m=1: E=48.652, J=48.65, J/E^2=0.02055, w2=0.990; m=2: E=90.394, J=180.79, J/E^2=0.02213, w2=0.990; m=3: E=133.368, J=400.11, J/E^2=0.02249, w2=0.990; m=4: E=176.755, J=707.03, J/E^2=0.02263, w2=0.990; m=5: E=220.321, J=1101.62, J/E^2=0.02269, w2=0.990; m=6: E=263.977, J=1583.89, J/E^2=0.02273, w2=0.990; m=7: E=307.686, J=2153.84, J/E^2=0.02275, w2=0.990; m=8: E=351.428, J=2811.47, J/E^2=0.02276, w2=0.990
Huelle E_min(J) (Karte): alpha = 1/Steigung(ln E gegen ln J) = 2.0911, Abwaertsspruenge (Saegezahn): 5, Anteile je m: {'3': 117, '4': 91, '5': 74, '6': 63, '7': 54, '8': 1}
Huelle J_max(E) (Chew-Frautschi): alpha = 2.0552

Ringbild: Exponent gamma aus ln R_max gegen ln m (m = 3..8); R_max sqrt(a)/m (NLS-Duennring: sqrt 2 = 1,4142)
  omega^2 = 0.55: gamma = 0.9573; R_max: 0: 0.00, 1: 6.02, 2: 9.93, 3: 14.12, 4: 18.44, 5: 22.82, 6: 27.22, 7: 31.65, 8: 36.09; R_max sqrt(a)/m: 1: 4.040, 2: 3.330, 3: 3.158, 4: 3.093, 5: 3.061, 6: 3.044, 7: 3.033, 8: 3.026; Dicke/R: 1: 1.107, 2: 0.698, 3: 0.497, 4: 0.383, 5: 0.310, 6: 0.261, 7: 0.224, 8: 0.197
  omega^2 = 0.7: gamma = 0.9802; R_max: 0: 0.00, 1: 3.54, 2: 6.47, 3: 9.46, 4: 12.49, 5: 15.54, 6: 18.60, 7: 21.66, 8: 24.73; R_max sqrt(a)/m: 1: 1.936, 2: 1.771, 3: 1.727, 4: 1.710, 5: 1.702, 6: 1.698, 7: 1.695, 8: 1.693; Dicke/R: 1: 0.889, 2: 0.508, 3: 0.351, 4: 0.267, 5: 0.215, 6: 0.180, 7: 0.155, 8: 0.136
  omega^2 = 0.8: gamma = 0.9816; R_max: 0: 0.00, 1: 3.90, 2: 7.22, 3: 10.58, 4: 13.98, 5: 17.40, 6: 20.82, 7: 24.26, 8: 27.69; R_max sqrt(a)/m: 1: 1.745, 2: 1.613, 3: 1.577, 4: 1.563, 5: 1.556, 6: 1.552, 7: 1.550, 8: 1.548; Dicke/R: 1: 0.870, 2: 0.492, 3: 0.339, 4: 0.258, 5: 0.208, 6: 0.174, 7: 0.149, 8: 0.131
  omega^2 = 0.9: gamma = 0.9824; R_max: 0: 0.00, 1: 5.20, 2: 9.67, 3: 14.19, 4: 18.76, 5: 23.35, 6: 27.95, 7: 32.56, 8: 37.18; R_max sqrt(a)/m: 1: 1.644, 2: 1.528, 3: 1.496, 4: 1.483, 5: 1.477, 6: 1.473, 7: 1.471, 8: 1.470; Dicke/R: 1: 0.860, 2: 0.484, 3: 0.333, 4: 0.253, 5: 0.204, 6: 0.170, 7: 0.146, 8: 0.128
  omega^2 = 0.95: gamma = 0.9827; R_max: 0: 0.00, 1: 7.19, 2: 13.40, 3: 19.68, 4: 26.02, 5: 32.39, 6: 38.78, 7: 45.18, 8: 51.58; R_max sqrt(a)/m: 1: 1.609, 2: 1.498, 3: 1.467, 4: 1.455, 5: 1.449, 6: 1.445, 7: 1.443, 8: 1.442; Dicke/R: 1: 0.857, 2: 0.481, 3: 0.331, 4: 0.251, 5: 0.202, 6: 0.169, 7: 0.145, 8: 0.127
  omega^2 = 0.99: gamma = 0.9829; R_max: 0: 0.00, 1: 15.85, 2: 29.55, 3: 43.42, 4: 57.42, 5: 71.48, 6: 85.57, 7: 99.69, 8: 113.83; R_max sqrt(a)/m: 1: 1.585, 2: 1.478, 3: 1.447, 4: 1.435, 5: 1.430, 6: 1.426, 7: 1.424, 8: 1.423; Dicke/R: 1: 0.854, 2: 0.479, 3: 0.330, 4: 0.250, 5: 0.202, 6: 0.168, 7: 0.145, 8: 0.127
  NLS: gamma = 0.9830; rho_max/m: 1: 1.5790, 2: 1.4730, 3: 1.4430, 4: 1.4310, 5: 1.4251, 6: 1.4219, 7: 1.4199, 8: 1.4186; Dicke/rho_max: 1: 0.854, 2: 0.479, 3: 0.329, 4: 0.250, 5: 0.201, 6: 0.168, 7: 0.145, 8: 0.127

Rotorprobe (Nebenprobe): bei festem Q Energie je m; Exponent aus ln(E_m - E_0) gegen ln m (starrer Rotor: 2)
  Q = 300.0: E_m = 0: 232.127, 1: 245.618, 2: 260.968, 3: 274.192, 4: 285.047, 5: 293.234, 6: 298.411; Exponent = 0.899
  Q = 1000.0: E_m = 0: 744.242, 1: 764.668, 2: 787.042, 3: 803.902, 4: 822.858, 5: 840.611, 6: 855.858, 7: 871.888, 8: 886.041; Exponent = 0.924
Nebenprobe dE = omega dQ (Trapez zwischen Nachbarzeilen, max. relativer Rest je m): 0: 6.0e-03, 1: 5.7e-03, 2: 5.4e-03, 3: 5.2e-03, 4: 5.2e-03, 5: 5.1e-03, 6: 5.1e-03, 7: 5.1e-03, 8: 5.1e-03

L2 Anschluss m = 0 an RUNDE-03 (Abweichungen: p, S_max, R_halb absolut; Q, E relativ; Grenzen {'p': 1e-09, 'Q': 0.0001, 'E': 0.0001, 'S_max': 1e-05, 'R_halb': 0.002}):
  omega^2 = 0.52 (h = 0.01): dp = +0.00e+00, dQ/Q = -3.70e-08, dE/E = -7.55e-08, dS_max = -4.92e-07, dR_halb = +1.32e-04 -> bestanden
  omega^2 = 0.55 (h = 0.01): dp = -2.22e-16, dQ/Q = +3.36e-07, dE/E = +8.81e-08, dS_max = +3.45e-07, dR_halb = +3.78e-04 -> bestanden
  omega^2 = 0.6 (h = 0.01): dp = +4.44e-16, dQ/Q = +1.79e-06, dE/E = +1.63e-06, dS_max = -3.19e-07, dR_halb = +4.63e-04 -> bestanden
  omega^2 = 0.7 (h = 0.01): dp = +1.33e-15, dQ/Q = +2.98e-06, dE/E = +3.43e-07, dS_max = -1.86e-07, dR_halb = +1.73e-04 -> bestanden
  omega^2 = 0.8 (h = 0.01): dp = +1.55e-15, dQ/Q = +1.06e-06, dE/E = +3.96e-06, dS_max = +3.37e-07, dR_halb = -4.43e-04 -> bestanden
  L2 (R3-Anschluss): bestanden
L2 Codeprobe J = m Q auf dem Gitter: max |J/(mQ) - 1| = 6.7e-16, m = 0: max |J/Q| = 4.8e-18, max |Q_gitter/Q - 1| = 2.2e-11, max |E_gitter/E - 1| = 1.2e-11, max Rest der 2D-Feldgleichung = 1.2e-07 -> bestanden

Urteile (Regeln vorab, PLAN.md Abschnitt 5): {"alpha": "H getragen (alpha = 2 innerhalb 0,1)", "beta": "Ring-Mechanismus getragen (beta = 1 innerhalb 0,1)", "qmin_lage": ["Rand oben (groesstes omega^2)"]}
