Papier (1D, nur Formeln). Start 2026-09-30T03:04:55+02:00
omega2 | N | G=sigma | Q | E | S_c | D=N/S_c | rho_W | We-Faktor (We = Faktor v^2)
  0.60 | 2.04161 | 0.21415 | 3.16285 | 2.87823 | 0.55279 | 3.6933 | 0.66334 | 11.4404
  0.70 | 1.45907 | 0.12795 | 2.44149 | 2.29861 | 0.36754 | 3.9698 | 0.51456 | 15.9643
  0.80 | 1.05429 | 0.06546 | 1.88598 | 1.81780 | 0.22540 | 4.6774 | 0.36065 | 25.7684
omega2 V2 | M1 | M2 | Phi=|V2|N/G | v_cl (We_cl) | dE_Spaltung | v_E vakuum (We) | v_E durch+zurueck (We) | v_E beide durch (We)
  0.60 -0.04 | 2.87823 | 2.79474 | 0.381 | - | 0.2034 | 0.3573 (1.460) | 0.3281 (1.232) | 0.2949 (0.995)
  0.60 -0.02 | 2.87823 | 2.83695 | 0.191 | - | 0.2034 | 0.3573 (1.460) | 0.3432 (1.348) | 0.3283 (1.233)
  0.60 -0.01 | 2.87823 | 2.85770 | 0.095 | - | 0.2034 | 0.3573 (1.460) | 0.3504 (1.404) | 0.3433 (1.348)
  0.60 +0.00 | 2.87823 | 2.87823 | 0.000 | - | 0.2034 | 0.3573 (1.460) | 0.3573 (1.460) | 0.3573 (1.460)
  0.60 +0.01 | 2.87823 | 2.89853 | 0.095 | 0.1182 (0.160) | 0.2034 | 0.3573 (1.460) | 0.3639 (1.515) | 0.3704 (1.570)
  0.60 +0.02 | 2.87823 | 2.91863 | 0.191 | 0.1658 (0.315) | 0.2034 | 0.3573 (1.460) | 0.3704 (1.569) | 0.3829 (1.677)
  0.70 -0.04 | 2.29861 | 2.23911 | 0.456 | - | 0.1052 | 0.2927 (1.367) | 0.2561 (1.047) | 0.2119 (0.717)
  0.70 -0.02 | 2.29861 | 2.26915 | 0.228 | - | 0.1052 | 0.2927 (1.367) | 0.2753 (1.210) | 0.2564 (1.049)
  0.70 -0.01 | 2.29861 | 2.28395 | 0.114 | - | 0.1052 | 0.2927 (1.367) | 0.2842 (1.289) | 0.2753 (1.210)
  0.70 +0.00 | 2.29861 | 2.29861 | 0.000 | - | 0.1052 | 0.2927 (1.367) | 0.2927 (1.367) | 0.2927 (1.367)
  0.70 +0.01 | 2.29861 | 2.31313 | 0.114 | 0.1119 (0.200) | 0.1052 | 0.2927 (1.367) | 0.3008 (1.444) | 0.3087 (1.521)
  0.70 +0.02 | 2.29861 | 2.32752 | 0.228 | 0.1571 (0.394) | 0.1052 | 0.2927 (1.367) | 0.3086 (1.521) | 0.3236 (1.671)
  0.80 -0.04 | 1.81780 | 1.77496 | 0.644 | - | 0.0508 | 0.2315 (1.381) | 0.1828 (0.861) | 0.1121 (0.324)
  0.80 -0.02 | 1.81780 | 1.79655 | 0.322 | - | 0.0508 | 0.2315 (1.381) | 0.2089 (1.125) | 0.1831 (0.864)
  0.80 -0.01 | 1.81780 | 1.80721 | 0.161 | - | 0.0508 | 0.2315 (1.381) | 0.2206 (1.254) | 0.2090 (1.126)
  0.80 +0.00 | 1.81780 | 1.81780 | 0.000 | - | 0.0508 | 0.2315 (1.381) | 0.2315 (1.381) | 0.2315 (1.381)
  0.80 +0.01 | 1.81780 | 1.82830 | 0.161 | 0.1070 (0.295) | 0.0508 | 0.2315 (1.381) | 0.2418 (1.507) | 0.2517 (1.632)
  0.80 +0.02 | 1.81780 | 1.83872 | 0.322 | 0.1504 (0.583) | 0.0508 | 0.2315 (1.381) | 0.2516 (1.631) | 0.2699 (1.877)
